costo = 0.5902792412084606 solucion = [328, 495, 814, 818, 28, 819, 330, 666, 1073, 326, 494, 167, 169, 1037, 658, 655, 166, 74, 980, 164, 492, 327, 489, 491, 979, 329, 815, 816, 490, 2, 493, 653, 163, 817, 165, 3, 978, 981, 654, 1] es factible true semilla = 3718

costo = 7.22561718540058e6 solucion = [489, 491, 492, 327, 494, 495, 1037, 330, 1073, 326, 328, 167, 169, 814, 818, 658, 819, 655, 666, 28, 166, 74, 980, 164, 817, 163, 3, 979, 165, 490, 493, 815, 653, 1, 654, 981, 978, 329, 2, 816] es factible false semilla = 4224

costo = 7.225617117415662e6 solucion = [3, 978, 2, 653, 490, 816, 163, 165, 491, 980, 74, 658, 655, 666, 818, 28, 819, 166, 1073, 326, 167, 328, 495, 169, 814, 330, 1037, 494, 327, 164, 492, 489, 817, 981, 654, 979, 493, 1, 815, 329] es factible false semilla = 1654

costo = 7.225617229738874e6 solucion = [330, 814, 28, 655, 169, 167, 495, 494, 327, 164, 492, 489, 978, 817, 981, 163, 165, 654, 329, 653, 1, 493, 2, 816, 490, 815, 979, 3, 491, 980, 74, 658, 166, 819, 818, 1073, 326, 328, 1037, 666] es factible false semilla = 723

costo = 0.5504843931584755 solucion = [816, 490, 165, 3, 817, 163, 489, 491, 492, 978, 981, 654, 2, 329, 1, 815, 653, 493, 979, 164, 327, 980, 74, 166, 1037, 494, 167, 495, 814, 818, 666, 1073, 326, 330, 655, 658, 819, 28, 169, 328] es factible true semilla = 755

costo = 7.225617185882899e6 solucion = [167, 328, 495, 169, 326, 494, 327, 492, 489, 981, 979, 815, 817, 165, 490, 654, 978, 653, 493, 1, 329, 2, 816, 163, 3, 491, 164, 980, 74, 658, 666, 1037, 330, 814, 1073, 166, 818, 655, 819, 28] es factible false semilla = 2775

costo = 7.22561721303397e6 solucion = [1073, 666, 28, 819, 330, 658, 655, 818, 166, 74, 980, 164, 817, 165, 491, 492, 978, 654, 653, 1, 329, 816, 981, 3, 979, 815, 490, 493, 2, 163, 489, 327, 494, 814, 326, 1037, 495, 169, 167, 328] es factible false semilla = 1004

costo = 7.225617167629932e6 solucion = [492, 165, 3, 491, 980, 74, 166, 169, 495, 167, 328, 1037, 666, 330, 818, 28, 819, 658, 655, 1073, 814, 326, 494, 327, 164, 978, 489, 817, 163, 493, 329, 981, 979, 815, 816, 2, 653, 1, 654, 490] es factible false semilla = 1694

costo = 0.597306973016379 solucion = [491, 165, 654, 493, 979, 329, 1, 653, 2, 816, 815, 490, 163, 3, 978, 492, 817, 981, 489, 164, 327, 980, 74, 166, 658, 655, 814, 28, 666, 330, 819, 818, 1037, 328, 495, 169, 1073, 326, 494, 167] es factible true semilla = 2542

costo = 0.6083093005163452 solucion = [666, 1073, 814, 495, 494, 167, 328, 326, 330, 658, 818, 655, 819, 1037, 169, 28, 166, 74, 980, 327, 489, 491, 492, 978, 653, 815, 329, 493, 2, 490, 165, 979, 981, 816, 654, 1, 163, 3, 164, 817] es factible true semilla = 3389

costo = 7.225617183067107e6 solucion = [490, 816, 329, 979, 981, 492, 980, 74, 166, 28, 655, 658, 330, 818, 819, 1073, 666, 1037, 814, 169, 326, 167, 328, 495, 494, 327, 489, 817, 3, 164, 491, 165, 163, 653, 2, 654, 978, 815, 1, 493] es factible false semilla = 2473

costo = 0.5314295157784515 solucion = [1, 493, 163, 490, 816, 2, 329, 815, 979, 654, 653, 978, 817, 981, 165, 3, 491, 492, 327, 489, 164, 980, 74, 166, 818, 666, 330, 28, 819, 1073, 169, 655, 658, 1037, 328, 495, 167, 494, 326, 814] es factible true semilla = 1142

costo = 8.98786967768489e6 solucion = [2, 816, 329, 981, 654, 979, 489, 327, 492, 978, 653, 493, 817, 815, 1, 163, 3, 164, 494, 495, 167, 169, 326, 328, 814, 655, 666, 1073, 166, 1037, 818, 28, 330, 819, 658, 74, 980, 491, 165, 490] es factible false semilla = 1820

costo = 0.6254777116114448 solucion = [490, 2, 978, 981, 3, 163, 816, 329, 1, 654, 493, 653, 815, 979, 491, 165, 492, 489, 817, 164, 327, 980, 74, 166, 169, 495, 1037, 494, 167, 814, 328, 326, 330, 818, 666, 658, 1073, 819, 655, 28] es factible true semilla = 456

costo = 0.5918520765791734 solucion = [655, 1073, 819, 28, 814, 494, 495, 167, 328, 326, 330, 169, 166, 1037, 818, 666, 658, 74, 980, 327, 492, 491, 164, 493, 490, 2, 816, 329, 815, 817, 3, 981, 979, 165, 654, 978, 489, 163, 653, 1] es factible true semilla = 4759

costo = 0.6357834871634975 solucion = [2, 654, 978, 490, 653, 815, 816, 981, 163, 1, 493, 329, 979, 165, 3, 164, 817, 489, 327, 492, 491, 980, 74, 166, 818, 658, 330, 819, 1037, 655, 814, 328, 167, 495, 169, 28, 666, 1073, 326, 494] es factible true semilla = 60

costo = 7.225617190497549e6 solucion = [3, 817, 493, 490, 815, 653, 654, 816, 2, 163, 1, 329, 981, 978, 164, 492, 489, 327, 494, 814, 495, 328, 167, 169, 330, 666, 818, 28, 166, 655, 819, 1037, 326, 1073, 658, 74, 980, 491, 979, 165] es factible false semilla = 3535

costo = 0.5762469022923354 solucion = [654, 1, 815, 816, 981, 817, 978, 329, 493, 653, 2, 490, 163, 489, 491, 165, 3, 979, 164, 327, 492, 980, 74, 166, 169, 328, 326, 1037, 330, 1073, 658, 819, 28, 818, 666, 655, 814, 495, 494, 167] es factible true semilla = 2645

costo = 7.225617180898593e6 solucion = [979, 493, 164, 492, 327, 494, 495, 167, 328, 814, 326, 1073, 666, 818, 1037, 330, 658, 819, 655, 169, 28, 166, 74, 980, 491, 489, 817, 815, 981, 978, 3, 490, 163, 165, 654, 1, 653, 329, 2, 816] es factible false semilla = 2235

costo = 0.6224262678755091 solucion = [330, 1073, 169, 814, 328, 326, 167, 495, 494, 1037, 819, 818, 166, 655, 666, 28, 658, 74, 980, 327, 492, 981, 654, 816, 329, 653, 2, 163, 1, 493, 164, 3, 491, 165, 979, 815, 817, 489, 978, 490] es factible true semilla = 1497

costo = 0.6145285650572164 solucion = [169, 330, 166, 28, 655, 1073, 819, 1037, 328, 495, 494, 167, 326, 814, 818, 666, 658, 74, 980, 327, 492, 817, 978, 815, 653, 979, 491, 165, 981, 489, 164, 3, 329, 816, 2, 490, 654, 1, 493, 163] es factible true semilla = 4212

costo = 0.612528461467229 solucion = [1073, 666, 655, 819, 658, 1037, 495, 328, 167, 814, 494, 326, 169, 330, 818, 28, 166, 74, 980, 327, 164, 492, 978, 2, 816, 490, 654, 493, 815, 817, 489, 491, 165, 981, 979, 653, 329, 1, 163, 3] es factible true semilla = 2909

costo = 0.5323214663010802 solucion = [495, 167, 494, 326, 328, 814, 330, 169, 1037, 658, 28, 666, 818, 1073, 819, 655, 166, 74, 980, 491, 492, 327, 164, 493, 979, 3, 817, 815, 1, 329, 654, 978, 489, 981, 165, 163, 653, 2, 490, 816] es factible true semilla = 4384

costo = 0.575892897501131 solucion = [495, 494, 167, 326, 328, 814, 28, 819, 1037, 169, 655, 330, 1073, 666, 818, 658, 166, 74, 980, 327, 492, 489, 978, 3, 163, 329, 490, 2, 816, 981, 815, 1, 654, 653, 493, 817, 164, 979, 491, 165] es factible true semilla = 3542

costo = 0.5693562841899565 solucion = [328, 167, 494, 326, 1073, 658, 655, 330, 666, 1037, 495, 814, 169, 28, 819, 818, 166, 74, 980, 327, 164, 491, 489, 492, 981, 817, 978, 2, 493, 329, 1, 815, 979, 165, 163, 3, 654, 653, 490, 816] es factible true semilla = 859

costo = 0.5712457635470614 solucion = [815, 1, 653, 329, 490, 978, 3, 654, 2, 816, 163, 165, 981, 817, 489, 327, 492, 164, 493, 979, 491, 980, 74, 658, 819, 1073, 666, 330, 818, 166, 655, 28, 814, 1037, 494, 495, 167, 328, 326, 169] es factible true semilla = 4418

costo = 0.5899893139236022 solucion = [655, 1073, 326, 169, 814, 328, 495, 167, 494, 1037, 658, 666, 330, 819, 28, 818, 166, 74, 980, 327, 489, 979, 3, 164, 978, 492, 491, 165, 817, 493, 1, 815, 981, 163, 653, 329, 816, 490, 654, 2] es factible true semilla = 4163

costo = 0.6054386145003887 solucion = [2, 816, 654, 1, 329, 979, 165, 490, 3, 163, 981, 817, 493, 815, 653, 978, 489, 327, 492, 491, 164, 980, 74, 166, 28, 330, 819, 818, 1037, 666, 655, 658, 1073, 169, 326, 328, 167, 814, 495, 494] es factible true semilla = 2102

costo = 0.5808101395437073 solucion = [815, 979, 3, 978, 329, 1, 653, 490, 2, 816, 654, 493, 163, 817, 492, 981, 165, 491, 489, 164, 327, 980, 74, 658, 819, 818, 1037, 330, 655, 814, 326, 494, 167, 495, 328, 169, 28, 166, 1073, 666] es factible true semilla = 4709

costo = 0.6000083670107411 solucion = [978, 654, 816, 815, 329, 1, 163, 653, 2, 490, 3, 164, 817, 493, 979, 165, 981, 492, 327, 489, 491, 980, 74, 166, 330, 658, 1073, 1037, 819, 818, 28, 666, 655, 169, 814, 495, 328, 326, 167, 494] es factible true semilla = 4516

costo = 7.225617202467293e6 solucion = [2, 493, 653, 1, 329, 163, 490, 816, 654, 3, 165, 979, 164, 980, 74, 658, 330, 819, 28, 818, 166, 1037, 655, 666, 1073, 326, 169, 167, 328, 814, 495, 494, 327, 492, 817, 815, 978, 981, 489, 491] es factible false semilla = 847

costo = 0.6325252273074 solucion = [1073, 666, 1037, 819, 28, 818, 658, 814, 328, 167, 495, 494, 326, 330, 169, 655, 166, 74, 980, 327, 489, 163, 817, 165, 492, 164, 3, 491, 978, 653, 1, 493, 979, 329, 2, 816, 654, 981, 815, 490] es factible true semilla = 649

costo = 0.6410878750264989 solucion = [489, 164, 3, 329, 490, 816, 654, 815, 981, 163, 1, 653, 2, 493, 817, 165, 979, 491, 978, 492, 327, 980, 74, 166, 28, 655, 666, 658, 819, 1073, 169, 328, 326, 330, 818, 814, 495, 1037, 494, 167] es factible true semilla = 4006

costo = 0.5729238955694934 solucion = [490, 163, 2, 653, 815, 816, 654, 1, 493, 329, 978, 3, 491, 489, 164, 817, 165, 979, 981, 492, 327, 980, 74, 166, 658, 666, 28, 169, 328, 814, 494, 1037, 495, 167, 326, 1073, 655, 818, 819, 330] es factible true semilla = 4607

costo = 0.6371695185101481 solucion = [165, 817, 3, 490, 493, 653, 2, 978, 815, 816, 654, 1, 329, 163, 981, 979, 164, 492, 491, 489, 327, 980, 74, 166, 330, 818, 28, 819, 1037, 655, 814, 167, 169, 328, 495, 494, 326, 1073, 666, 658] es factible true semilla = 2020

costo = 7.22561721760066e6 solucion = [1, 654, 653, 815, 978, 2, 329, 816, 490, 493, 163, 817, 164, 980, 74, 166, 818, 814, 328, 167, 326, 1037, 819, 655, 330, 1073, 666, 658, 28, 169, 495, 494, 327, 492, 981, 489, 979, 3, 165, 491] es factible false semilla = 3942

costo = 0.6053635441275579 solucion = [666, 818, 655, 819, 1073, 1037, 328, 167, 326, 814, 494, 495, 169, 330, 166, 28, 658, 74, 980, 491, 978, 981, 979, 489, 817, 492, 327, 164, 493, 653, 329, 815, 1, 163, 165, 654, 2, 816, 490, 3] es factible true semilla = 4579

costo = 7.225617174202427e6 solucion = [330, 666, 818, 1073, 1037, 169, 166, 658, 74, 980, 491, 489, 979, 3, 165, 490, 329, 653, 654, 2, 978, 981, 815, 816, 163, 1, 493, 817, 164, 492, 327, 494, 326, 328, 167, 495, 814, 655, 28, 819] es factible false semilla = 3450

costo = 0.6023757010341242 solucion = [816, 981, 654, 329, 1, 493, 817, 163, 2, 490, 815, 978, 653, 979, 165, 492, 489, 491, 3, 164, 327, 980, 74, 166, 658, 666, 818, 655, 330, 819, 28, 169, 326, 167, 328, 1037, 494, 495, 814, 1073] es factible true semilla = 4268

costo = 7.225617207395785e6 solucion = [167, 328, 495, 814, 1037, 326, 494, 327, 489, 492, 981, 654, 2, 493, 1, 329, 816, 163, 817, 815, 978, 653, 490, 165, 3, 979, 491, 164, 980, 74, 166, 1073, 658, 819, 818, 28, 655, 169, 330, 666] es factible false semilla = 4884

costo = 7.225617161691274e6 solucion = [818, 1073, 655, 819, 330, 28, 658, 666, 1037, 495, 494, 327, 164, 489, 978, 329, 2, 653, 490, 163, 817, 493, 1, 815, 654, 816, 981, 3, 979, 165, 492, 491, 980, 74, 166, 169, 326, 167, 814, 328] es factible false semilla = 4573

costo = 7.225617243522291e6 solucion = [815, 817, 3, 163, 816, 2, 493, 653, 329, 1, 654, 165, 490, 978, 492, 981, 979, 491, 980, 74, 166, 818, 666, 655, 814, 167, 328, 495, 1037, 330, 28, 819, 658, 1073, 169, 326, 494, 327, 489, 164] es factible false semilla = 1830

costo = 0.5674763017903001 solucion = [655, 28, 169, 495, 328, 167, 494, 326, 814, 1073, 819, 166, 1037, 666, 330, 818, 658, 74, 980, 164, 489, 981, 817, 165, 490, 2, 816, 654, 815, 979, 493, 163, 329, 1, 653, 978, 3, 491, 492, 327] es factible true semilla = 4654

costo = 0.6119255442897472 solucion = [495, 167, 326, 328, 169, 1073, 814, 494, 1037, 818, 666, 330, 28, 166, 655, 819, 658, 74, 980, 164, 493, 817, 492, 327, 489, 491, 3, 978, 653, 490, 815, 1, 329, 816, 163, 981, 979, 165, 654, 2] es factible true semilla = 459

costo = 1.6287203990290849e7 solucion = [169, 814, 28, 655, 666, 1037, 818, 819, 166, 164, 3, 978, 490, 165, 979, 815, 817, 492, 491, 980, 74, 658, 330, 1073, 326, 328, 167, 495, 494, 327, 489, 981, 329, 2, 493, 653, 654, 816, 163, 1] es factible false semilla = 1263

costo = 0.6014991210330013 solucion = [666, 658, 819, 1037, 330, 28, 655, 814, 167, 494, 495, 328, 169, 326, 1073, 818, 166, 74, 980, 327, 492, 164, 3, 491, 979, 165, 817, 815, 1, 653, 490, 978, 489, 981, 816, 2, 163, 329, 493, 654] es factible true semilla = 398

costo = 7.2256171866476275e6 solucion = [654, 1, 329, 3, 164, 327, 494, 326, 328, 1037, 818, 666, 1073, 814, 495, 167, 169, 28, 658, 330, 819, 655, 166, 74, 980, 492, 165, 491, 489, 981, 817, 978, 653, 2, 163, 490, 493, 979, 815, 816] es factible false semilla = 2253

costo = 0.6256875150569406 solucion = [666, 28, 166, 655, 819, 330, 818, 1073, 326, 494, 167, 495, 814, 169, 328, 1037, 658, 74, 980, 327, 489, 492, 978, 329, 979, 815, 981, 816, 2, 493, 653, 654, 1, 163, 490, 3, 165, 817, 164, 491] es factible true semilla = 2912

costo = 0.6342798291906241 solucion = [328, 1037, 658, 655, 666, 818, 819, 1073, 330, 814, 167, 326, 494, 495, 169, 28, 166, 74, 980, 164, 3, 979, 491, 978, 489, 327, 492, 817, 165, 654, 329, 981, 816, 2, 653, 1, 815, 490, 163, 493] es factible true semilla = 1563

costo = 0.6159529118003568 solucion = [981, 654, 816, 2, 490, 329, 1, 493, 164, 3, 163, 165, 817, 489, 978, 653, 815, 979, 491, 492, 327, 980, 74, 658, 1073, 819, 330, 666, 28, 814, 328, 167, 495, 494, 326, 169, 655, 166, 818, 1037] es factible true semilla = 534

costo = 0.5795300189715336 solucion = [328, 495, 167, 494, 326, 330, 1073, 666, 658, 655, 818, 814, 28, 169, 1037, 819, 166, 74, 980, 491, 165, 490, 2, 816, 163, 493, 329, 1, 654, 653, 815, 979, 489, 327, 492, 164, 3, 981, 817, 978] es factible true semilla = 2125

costo = 0.6400593551108477 solucion = [815, 1, 654, 653, 978, 2, 490, 163, 981, 816, 329, 3, 165, 491, 979, 493, 817, 492, 327, 489, 164, 980, 74, 658, 819, 818, 1073, 655, 166, 169, 495, 328, 326, 494, 167, 814, 28, 330, 1037, 666] es factible true semilla = 4546

costo = 0.6013454442719487 solucion = [326, 167, 328, 169, 814, 495, 494, 1037, 818, 666, 658, 330, 28, 655, 1073, 819, 166, 74, 980, 327, 492, 489, 491, 165, 490, 3, 164, 978, 981, 163, 817, 815, 653, 1, 329, 654, 816, 2, 493, 979] es factible true semilla = 621

costo = 0.6487777645671371 solucion = [328, 814, 167, 494, 495, 169, 655, 1073, 326, 1037, 818, 330, 666, 658, 28, 819, 166, 74, 980, 327, 492, 165, 817, 489, 981, 329, 979, 491, 978, 654, 3, 164, 493, 2, 816, 815, 490, 653, 1, 163] es factible true semilla = 1323

costo = 0.6121431422904939 solucion = [494, 495, 328, 1037, 658, 666, 330, 818, 1073, 819, 655, 169, 326, 167, 814, 28, 166, 74, 980, 327, 492, 491, 165, 163, 489, 979, 493, 817, 164, 978, 490, 815, 653, 2, 816, 654, 1, 329, 981, 3] es factible true semilla = 1114

costo = 0.57823849565691 solucion = [494, 326, 167, 495, 328, 169, 166, 655, 330, 814, 1037, 819, 818, 28, 666, 1073, 658, 74, 980, 327, 489, 492, 164, 3, 329, 1, 163, 981, 817, 165, 491, 979, 493, 653, 654, 490, 815, 978, 2, 816] es factible true semilla = 1476

costo = 0.5867415286563138 solucion = [815, 490, 816, 654, 1, 653, 979, 981, 163, 329, 978, 2, 493, 164, 489, 817, 165, 3, 491, 492, 327, 980, 74, 166, 658, 330, 666, 28, 818, 1073, 655, 819, 1037, 494, 167, 328, 495, 169, 326, 814] es factible true semilla = 1276

costo = 0.594261271863902 solucion = [329, 163, 2, 653, 1, 493, 490, 816, 815, 979, 981, 817, 978, 3, 654, 165, 491, 489, 327, 492, 164, 980, 74, 658, 814, 326, 167, 494, 495, 328, 169, 166, 818, 819, 28, 330, 1073, 1037, 666, 655] es factible true semilla = 1071

costo = 7.2256172066266285e6 solucion = [666, 28, 166, 819, 1073, 169, 167, 814, 495, 328, 326, 494, 327, 492, 491, 489, 981, 3, 979, 165, 817, 978, 2, 163, 490, 816, 329, 1, 654, 653, 815, 493, 164, 980, 74, 658, 1037, 655, 330, 818] es factible false semilla = 500

costo = 7.225617123326273e6 solucion = [493, 1, 163, 2, 978, 489, 491, 492, 327, 494, 495, 167, 814, 328, 326, 169, 1073, 666, 818, 658, 330, 1037, 655, 28, 819, 166, 74, 980, 164, 817, 165, 3, 654, 653, 490, 329, 815, 979, 981, 816] es factible false semilla = 2735

costo = 0.5995645573932565 solucion = [327, 489, 491, 979, 815, 653, 654, 493, 2, 816, 490, 3, 981, 329, 1, 163, 165, 492, 978, 817, 164, 980, 74, 166, 169, 814, 28, 330, 666, 1073, 819, 818, 655, 658, 1037, 494, 495, 328, 167, 326] es factible true semilla = 2002

costo = 0.5396853609118715 solucion = [981, 816, 163, 489, 979, 329, 490, 654, 2, 653, 493, 1, 815, 978, 817, 165, 3, 164, 491, 492, 327, 980, 74, 658, 655, 818, 166, 1037, 494, 326, 328, 495, 167, 814, 169, 28, 819, 330, 1073, 666] es factible true semilla = 3097

costo = 0.6781829909344762 solucion = [326, 169, 28, 666, 330, 818, 166, 655, 1037, 328, 167, 494, 495, 814, 1073, 819, 658, 74, 980, 491, 3, 654, 493, 815, 1, 653, 490, 816, 2, 329, 978, 164, 817, 165, 163, 489, 979, 981, 492, 327] es factible true semilla = 1351

costo = 0.6630259456297461 solucion = [330, 819, 818, 814, 326, 328, 167, 494, 495, 169, 28, 666, 655, 658, 1073, 1037, 166, 74, 980, 491, 489, 327, 492, 981, 816, 654, 978, 164, 817, 815, 979, 493, 2, 163, 165, 490, 3, 329, 1, 653] es factible true semilla = 3864

costo = 0.5446625557814946 solucion = [816, 490, 165, 3, 978, 329, 2, 493, 815, 654, 653, 1, 163, 981, 817, 164, 979, 491, 489, 492, 327, 980, 74, 658, 814, 1037, 169, 655, 819, 330, 666, 818, 28, 166, 1073, 326, 494, 495, 167, 328] es factible true semilla = 1675

costo = 0.6482652495773242 solucion = [816, 2, 493, 163, 1, 654, 979, 981, 817, 815, 653, 978, 329, 490, 165, 3, 491, 489, 492, 327, 164, 980, 74, 166, 819, 818, 1073, 666, 330, 326, 169, 328, 495, 167, 494, 814, 28, 658, 1037, 655] es factible true semilla = 2539

costo = 0.6115917602189747 solucion = [818, 166, 169, 330, 666, 28, 819, 1073, 326, 328, 167, 494, 495, 814, 1037, 655, 658, 74, 980, 491, 979, 815, 654, 2, 816, 981, 165, 163, 1, 493, 817, 3, 329, 490, 653, 978, 489, 164, 492, 327] es factible true semilla = 719

costo = 0.5995330232091471 solucion = [169, 495, 167, 328, 326, 1073, 819, 1037, 494, 814, 655, 818, 666, 330, 166, 28, 658, 74, 980, 491, 165, 492, 981, 163, 2, 816, 490, 3, 978, 817, 489, 327, 164, 979, 493, 654, 653, 815, 1, 329] es factible true semilla = 1926

costo = 0.6215501374362067 solucion = [655, 166, 169, 167, 495, 328, 326, 494, 1037, 1073, 814, 818, 666, 330, 28, 819, 658, 74, 980, 491, 979, 165, 654, 816, 815, 329, 1, 653, 2, 978, 490, 3, 981, 163, 817, 492, 327, 489, 164, 493] es factible true semilla = 2413

costo = 0.6403921734156961 solucion = [490, 493, 654, 1, 815, 979, 491, 3, 978, 653, 329, 981, 816, 2, 163, 165, 817, 489, 327, 492, 164, 980, 74, 166, 655, 1037, 819, 28, 818, 666, 658, 1073, 326, 494, 167, 814, 330, 169, 495, 328] es factible true semilla = 3558

costo = 0.5862151480395074 solucion = [489, 327, 164, 817, 3, 979, 329, 1, 653, 2, 490, 816, 815, 493, 163, 165, 654, 981, 978, 491, 492, 980, 74, 166, 28, 666, 655, 169, 1037, 814, 658, 330, 818, 819, 1073, 326, 328, 495, 494, 167] es factible true semilla = 3358

costo = 0.600171021702777 solucion = [3, 817, 493, 1, 653, 2, 816, 490, 165, 654, 978, 489, 163, 329, 815, 979, 981, 492, 491, 164, 327, 980, 74, 166, 169, 495, 328, 326, 494, 167, 814, 1073, 1037, 818, 28, 666, 330, 655, 658, 819] es factible true semilla = 4209

costo = 0.6142496263765012 solucion = [978, 653, 654, 2, 816, 163, 817, 492, 981, 3, 329, 1, 493, 164, 979, 815, 490, 165, 491, 489, 327, 980, 74, 166, 658, 814, 328, 326, 494, 1037, 330, 666, 655, 818, 28, 819, 1073, 169, 167, 495] es factible true semilla = 926

costo = 0.6179226641211737 solucion = [978, 653, 2, 816, 815, 817, 492, 489, 979, 165, 490, 329, 981, 163, 1, 493, 654, 3, 491, 164, 327, 980, 74, 166, 819, 658, 1073, 655, 818, 330, 169, 28, 666, 1037, 494, 495, 167, 328, 326, 814] es factible true semilla = 696

costo = 0.6491479985688432 solucion = [658, 1037, 330, 326, 167, 328, 169, 495, 494, 814, 28, 655, 819, 1073, 666, 818, 166, 74, 980, 491, 979, 164, 493, 329, 2, 978, 653, 1, 815, 817, 492, 165, 981, 3, 654, 816, 490, 163, 489, 327] es factible true semilla = 2890

costo = 0.5517648292591117 solucion = [2, 816, 981, 165, 490, 653, 493, 979, 3, 978, 329, 654, 1, 815, 817, 163, 489, 491, 492, 164, 327, 980, 74, 658, 166, 1073, 814, 1037, 494, 167, 495, 169, 328, 326, 330, 666, 28, 819, 655, 818] es factible true semilla = 4894

costo = 0.5759999649829071 solucion = [666, 330, 28, 818, 655, 1073, 1037, 326, 169, 495, 494, 167, 328, 814, 658, 819, 166, 74, 980, 327, 492, 817, 164, 3, 165, 981, 489, 491, 978, 490, 816, 329, 979, 815, 653, 654, 1, 493, 163, 2] es factible true semilla = 1510

costo = 7.225617203358685e6 solucion = [1, 654, 329, 978, 2, 653, 163, 490, 816, 981, 489, 327, 494, 495, 328, 167, 326, 1073, 330, 166, 819, 818, 28, 655, 666, 1037, 169, 814, 658, 74, 980, 492, 165, 491, 164, 979, 3, 817, 493, 815] es factible false semilla = 4828

costo = 0.5793352485161836 solucion = [494, 495, 169, 326, 167, 328, 1037, 818, 655, 666, 330, 166, 1073, 819, 28, 814, 658, 74, 980, 327, 164, 491, 979, 815, 653, 978, 2, 490, 816, 329, 163, 493, 817, 489, 492, 165, 3, 981, 654, 1] es factible true semilla = 4741

costo = 0.6971850792161759 solucion = [816, 981, 817, 978, 2, 163, 165, 490, 3, 654, 329, 1, 815, 979, 653, 493, 164, 327, 492, 489, 491, 980, 74, 658, 1073, 819, 330, 166, 28, 666, 818, 814, 494, 326, 167, 169, 328, 495, 1037, 655] es factible true semilla = 2554

costo = 0.5397497274510443 solucion = [815, 653, 1, 654, 816, 981, 3, 165, 492, 164, 491, 978, 817, 163, 2, 490, 329, 493, 979, 489, 327, 980, 74, 166, 1037, 658, 818, 819, 655, 28, 814, 495, 328, 167, 494, 326, 330, 169, 1073, 666] es factible true semilla = 1070

costo = 7.225617139723546e6 solucion = [655, 666, 28, 169, 1037, 328, 495, 494, 327, 492, 489, 981, 165, 3, 979, 815, 1, 163, 2, 329, 816, 490, 654, 653, 493, 817, 978, 164, 491, 980, 74, 166, 658, 1073, 326, 167, 814, 330, 819, 818] es factible false semilla = 1599

costo = 0.6749028294978532 solucion = [666, 1073, 818, 814, 328, 495, 167, 494, 1037, 655, 330, 326, 169, 28, 658, 819, 166, 74, 980, 491, 979, 3, 490, 165, 654, 2, 816, 981, 817, 489, 327, 492, 978, 164, 493, 653, 163, 1, 815, 329] es factible true semilla = 3564

costo = 0.5535272754633022 solucion = [666, 655, 169, 1073, 326, 494, 495, 1037, 328, 167, 814, 330, 818, 658, 28, 819, 166, 74, 980, 327, 489, 164, 492, 491, 979, 493, 329, 653, 2, 978, 3, 165, 981, 817, 815, 816, 490, 163, 1, 654] es factible true semilla = 1782

costo = 0.6250121770126064 solucion = [1037, 818, 819, 1073, 169, 328, 167, 494, 495, 814, 326, 330, 666, 655, 658, 28, 166, 74, 980, 327, 492, 491, 164, 493, 653, 978, 329, 490, 3, 979, 815, 1, 654, 2, 816, 981, 165, 817, 163, 489] es factible true semilla = 2904

costo = 0.5729308746927534 solucion = [493, 815, 981, 654, 653, 979, 491, 165, 3, 329, 1, 163, 2, 816, 490, 978, 492, 164, 817, 489, 327, 980, 74, 166, 818, 655, 666, 658, 330, 819, 28, 814, 167, 328, 1037, 169, 1073, 326, 494, 495] es factible true semilla = 3310

costo = 7.225617272163072e6 solucion = [165, 979, 815, 817, 981, 816, 163, 490, 654, 1, 653, 978, 492, 491, 980, 74, 166, 28, 666, 658, 819, 655, 1073, 169, 495, 1037, 328, 326, 330, 818, 814, 167, 494, 327, 489, 164, 3, 329, 2, 493] es factible false semilla = 3216

costo = 0.6078006035476471 solucion = [1037, 1073, 326, 167, 495, 494, 814, 328, 169, 28, 818, 166, 655, 819, 330, 666, 658, 74, 980, 491, 492, 817, 165, 3, 329, 2, 978, 653, 490, 816, 815, 493, 1, 654, 981, 163, 489, 979, 164, 327] es factible true semilla = 4734

costo = 0.6900689414363471 solucion = [28, 666, 1073, 658, 818, 814, 494, 167, 326, 169, 328, 495, 1037, 819, 655, 330, 166, 74, 980, 491, 979, 653, 329, 981, 817, 815, 1, 654, 493, 2, 816, 490, 978, 164, 3, 165, 163, 489, 492, 327] es factible true semilla = 1533

costo = 0.5384409879058868 solucion = [2, 816, 654, 493, 163, 1, 815, 329, 978, 817, 3, 490, 653, 979, 165, 981, 489, 164, 327, 492, 491, 980, 74, 166, 819, 658, 818, 666, 655, 1073, 1037, 328, 326, 169, 167, 494, 495, 814, 330, 28] es factible true semilla = 1869

costo = 0.6079896386770389 solucion = [28, 330, 166, 819, 655, 169, 326, 328, 167, 494, 495, 1037, 814, 818, 666, 1073, 658, 74, 980, 327, 164, 492, 981, 816, 490, 815, 329, 653, 979, 165, 163, 1, 493, 2, 978, 491, 489, 817, 3, 654] es factible true semilla = 2319

costo = 0.6297830304371422 solucion = [1073, 655, 818, 814, 167, 169, 328, 495, 494, 326, 330, 819, 28, 666, 1037, 658, 166, 74, 980, 164, 327, 492, 165, 981, 816, 490, 493, 979, 491, 489, 978, 654, 815, 817, 3, 163, 2, 329, 653, 1] es factible true semilla = 1337

costo = 0.5988783365545246 solucion = [163, 816, 490, 2, 653, 815, 493, 654, 1, 329, 3, 491, 492, 981, 165, 817, 978, 164, 979, 489, 327, 980, 74, 166, 658, 1073, 666, 330, 818, 28, 655, 819, 1037, 814, 326, 328, 169, 167, 494, 495] es factible true semilla = 4216

costo = 0.6135323274817895 solucion = [328, 167, 814, 28, 330, 818, 655, 666, 658, 819, 1037, 495, 494, 326, 169, 1073, 166, 74, 980, 491, 979, 165, 490, 493, 329, 1, 653, 815, 817, 163, 3, 164, 327, 492, 489, 981, 978, 654, 816, 2] es factible true semilla = 4941

costo = 0.6353977289655978 solucion = [327, 489, 817, 493, 2, 163, 490, 654, 3, 979, 165, 981, 816, 329, 653, 1, 815, 978, 164, 492, 491, 980, 74, 658, 166, 1073, 819, 1037, 495, 494, 326, 328, 814, 167, 169, 330, 655, 28, 666, 818] es factible true semilla = 2582

costo = 7.225617242003914e6 solucion = [490, 654, 981, 492, 978, 491, 165, 979, 489, 327, 494, 167, 814, 28, 819, 1037, 326, 328, 495, 169, 655, 1073, 666, 658, 330, 818, 166, 74, 980, 164, 3, 817, 163, 329, 816, 2, 653, 1, 493, 815] es factible false semilla = 1062

costo = 0.6342798291906241 solucion = [328, 1037, 658, 655, 666, 818, 819, 1073, 330, 814, 167, 326, 494, 495, 169, 28, 166, 74, 980, 164, 3, 979, 491, 978, 489, 327, 492, 817, 165, 654, 329, 981, 816, 2, 653, 1, 815, 490, 163, 493] es factible true semilla = 1563

costo = 0.6159529118003568 solucion = [981, 654, 816, 2, 490, 329, 1, 493, 164, 3, 163, 165, 817, 489, 978, 653, 815, 979, 491, 492, 327, 980, 74, 658, 1073, 819, 330, 666, 28, 814, 328, 167, 495, 494, 326, 169, 655, 166, 818, 1037] es factible true semilla = 534

costo = 0.5795300189715336 solucion = [328, 495, 167, 494, 326, 330, 1073, 666, 658, 655, 818, 814, 28, 169, 1037, 819, 166, 74, 980, 491, 165, 490, 2, 816, 163, 493, 329, 1, 654, 653, 815, 979, 489, 327, 492, 164, 3, 981, 817, 978] es factible true semilla = 2125

costo = 0.6400593551108477 solucion = [815, 1, 654, 653, 978, 2, 490, 163, 981, 816, 329, 3, 165, 491, 979, 493, 817, 492, 327, 489, 164, 980, 74, 658, 819, 818, 1073, 655, 166, 169, 495, 328, 326, 494, 167, 814, 28, 330, 1037, 666] es factible true semilla = 4546

costo = 0.6013454442719487 solucion = [326, 167, 328, 169, 814, 495, 494, 1037, 818, 666, 658, 330, 28, 655, 1073, 819, 166, 74, 980, 327, 492, 489, 491, 165, 490, 3, 164, 978, 981, 163, 817, 815, 653, 1, 329, 654, 816, 2, 493, 979] es factible true semilla = 621

costo = 0.6487777645671371 solucion = [328, 814, 167, 494, 495, 169, 655, 1073, 326, 1037, 818, 330, 666, 658, 28, 819, 166, 74, 980, 327, 492, 165, 817, 489, 981, 329, 979, 491, 978, 654, 3, 164, 493, 2, 816, 815, 490, 653, 1, 163] es factible true semilla = 1323

costo = 0.6121431422904939 solucion = [494, 495, 328, 1037, 658, 666, 330, 818, 1073, 819, 655, 169, 326, 167, 814, 28, 166, 74, 980, 327, 492, 491, 165, 163, 489, 979, 493, 817, 164, 978, 490, 815, 653, 2, 816, 654, 1, 329, 981, 3] es factible true semilla = 1114

costo = 0.57823849565691 solucion = [494, 326, 167, 495, 328, 169, 166, 655, 330, 814, 1037, 819, 818, 28, 666, 1073, 658, 74, 980, 327, 489, 492, 164, 3, 329, 1, 163, 981, 817, 165, 491, 979, 493, 653, 654, 490, 815, 978, 2, 816] es factible true semilla = 1476

costo = 0.5867415286563138 solucion = [815, 490, 816, 654, 1, 653, 979, 981, 163, 329, 978, 2, 493, 164, 489, 817, 165, 3, 491, 492, 327, 980, 74, 166, 658, 330, 666, 28, 818, 1073, 655, 819, 1037, 494, 167, 328, 495, 169, 326, 814] es factible true semilla = 1276

costo = 0.594261271863902 solucion = [329, 163, 2, 653, 1, 493, 490, 816, 815, 979, 981, 817, 978, 3, 654, 165, 491, 489, 327, 492, 164, 980, 74, 658, 814, 326, 167, 494, 495, 328, 169, 166, 818, 819, 28, 330, 1073, 1037, 666, 655] es factible true semilla = 1071

costo = 7.2256172066266285e6 solucion = [666, 28, 166, 819, 1073, 169, 167, 814, 495, 328, 326, 494, 327, 492, 491, 489, 981, 3, 979, 165, 817, 978, 2, 163, 490, 816, 329, 1, 654, 653, 815, 493, 164, 980, 74, 658, 1037, 655, 330, 818] es factible false semilla = 500

costo = 7.225617123326273e6 solucion = [493, 1, 163, 2, 978, 489, 491, 492, 327, 494, 495, 167, 814, 328, 326, 169, 1073, 666, 818, 658, 330, 1037, 655, 28, 819, 166, 74, 980, 164, 817, 165, 3, 654, 653, 490, 329, 815, 979, 981, 816] es factible false semilla = 2735

costo = 0.5995645573932565 solucion = [327, 489, 491, 979, 815, 653, 654, 493, 2, 816, 490, 3, 981, 329, 1, 163, 165, 492, 978, 817, 164, 980, 74, 166, 169, 814, 28, 330, 666, 1073, 819, 818, 655, 658, 1037, 494, 495, 328, 167, 326] es factible true semilla = 2002

costo = 0.5396853609118715 solucion = [981, 816, 163, 489, 979, 329, 490, 654, 2, 653, 493, 1, 815, 978, 817, 165, 3, 164, 491, 492, 327, 980, 74, 658, 655, 818, 166, 1037, 494, 326, 328, 495, 167, 814, 169, 28, 819, 330, 1073, 666] es factible true semilla = 3097

costo = 0.6781829909344762 solucion = [326, 169, 28, 666, 330, 818, 166, 655, 1037, 328, 167, 494, 495, 814, 1073, 819, 658, 74, 980, 491, 3, 654, 493, 815, 1, 653, 490, 816, 2, 329, 978, 164, 817, 165, 163, 489, 979, 981, 492, 327] es factible true semilla = 1351

costo = 0.6630259456297461 solucion = [330, 819, 818, 814, 326, 328, 167, 494, 495, 169, 28, 666, 655, 658, 1073, 1037, 166, 74, 980, 491, 489, 327, 492, 981, 816, 654, 978, 164, 817, 815, 979, 493, 2, 163, 165, 490, 3, 329, 1, 653] es factible true semilla = 3864

costo = 0.5446625557814946 solucion = [816, 490, 165, 3, 978, 329, 2, 493, 815, 654, 653, 1, 163, 981, 817, 164, 979, 491, 489, 492, 327, 980, 74, 658, 814, 1037, 169, 655, 819, 330, 666, 818, 28, 166, 1073, 326, 494, 495, 167, 328] es factible true semilla = 1675

costo = 0.6482652495773242 solucion = [816, 2, 493, 163, 1, 654, 979, 981, 817, 815, 653, 978, 329, 490, 165, 3, 491, 489, 492, 327, 164, 980, 74, 166, 819, 818, 1073, 666, 330, 326, 169, 328, 495, 167, 494, 814, 28, 658, 1037, 655] es factible true semilla = 2539

costo = 0.6115917602189747 solucion = [818, 166, 169, 330, 666, 28, 819, 1073, 326, 328, 167, 494, 495, 814, 1037, 655, 658, 74, 980, 491, 979, 815, 654, 2, 816, 981, 165, 163, 1, 493, 817, 3, 329, 490, 653, 978, 489, 164, 492, 327] es factible true semilla = 719

costo = 0.5995330232091471 solucion = [169, 495, 167, 328, 326, 1073, 819, 1037, 494, 814, 655, 818, 666, 330, 166, 28, 658, 74, 980, 491, 165, 492, 981, 163, 2, 816, 490, 3, 978, 817, 489, 327, 164, 979, 493, 654, 653, 815, 1, 329] es factible true semilla = 1926

costo = 0.6215501374362067 solucion = [655, 166, 169, 167, 495, 328, 326, 494, 1037, 1073, 814, 818, 666, 330, 28, 819, 658, 74, 980, 491, 979, 165, 654, 816, 815, 329, 1, 653, 2, 978, 490, 3, 981, 163, 817, 492, 327, 489, 164, 493] es factible true semilla = 2413

costo = 0.6403921734156961 solucion = [490, 493, 654, 1, 815, 979, 491, 3, 978, 653, 329, 981, 816, 2, 163, 165, 817, 489, 327, 492, 164, 980, 74, 166, 655, 1037, 819, 28, 818, 666, 658, 1073, 326, 494, 167, 814, 330, 169, 495, 328] es factible true semilla = 3558

costo = 0.5862151480395074 solucion = [489, 327, 164, 817, 3, 979, 329, 1, 653, 2, 490, 816, 815, 493, 163, 165, 654, 981, 978, 491, 492, 980, 74, 166, 28, 666, 655, 169, 1037, 814, 658, 330, 818, 819, 1073, 326, 328, 495, 494, 167] es factible true semilla = 3358

costo = 0.600171021702777 solucion = [3, 817, 493, 1, 653, 2, 816, 490, 165, 654, 978, 489, 163, 329, 815, 979, 981, 492, 491, 164, 327, 980, 74, 166, 169, 495, 328, 326, 494, 167, 814, 1073, 1037, 818, 28, 666, 330, 655, 658, 819] es factible true semilla = 4209

costo = 0.6142496263765012 solucion = [978, 653, 654, 2, 816, 163, 817, 492, 981, 3, 329, 1, 493, 164, 979, 815, 490, 165, 491, 489, 327, 980, 74, 166, 658, 814, 328, 326, 494, 1037, 330, 666, 655, 818, 28, 819, 1073, 169, 167, 495] es factible true semilla = 926

costo = 0.6179226641211737 solucion = [978, 653, 2, 816, 815, 817, 492, 489, 979, 165, 490, 329, 981, 163, 1, 493, 654, 3, 491, 164, 327, 980, 74, 166, 819, 658, 1073, 655, 818, 330, 169, 28, 666, 1037, 494, 495, 167, 328, 326, 814] es factible true semilla = 696

costo = 0.6491479985688432 solucion = [658, 1037, 330, 326, 167, 328, 169, 495, 494, 814, 28, 655, 819, 1073, 666, 818, 166, 74, 980, 491, 979, 164, 493, 329, 2, 978, 653, 1, 815, 817, 492, 165, 981, 3, 654, 816, 490, 163, 489, 327] es factible true semilla = 2890

costo = 0.5517648292591117 solucion = [2, 816, 981, 165, 490, 653, 493, 979, 3, 978, 329, 654, 1, 815, 817, 163, 489, 491, 492, 164, 327, 980, 74, 658, 166, 1073, 814, 1037, 494, 167, 495, 169, 328, 326, 330, 666, 28, 819, 655, 818] es factible true semilla = 4894

costo = 0.5759999649829071 solucion = [666, 330, 28, 818, 655, 1073, 1037, 326, 169, 495, 494, 167, 328, 814, 658, 819, 166, 74, 980, 327, 492, 817, 164, 3, 165, 981, 489, 491, 978, 490, 816, 329, 979, 815, 653, 654, 1, 493, 163, 2] es factible true semilla = 1510

costo = 7.225617203358685e6 solucion = [1, 654, 329, 978, 2, 653, 163, 490, 816, 981, 489, 327, 494, 495, 328, 167, 326, 1073, 330, 166, 819, 818, 28, 655, 666, 1037, 169, 814, 658, 74, 980, 492, 165, 491, 164, 979, 3, 817, 493, 815] es factible false semilla = 4828

costo = 0.5793352485161836 solucion = [494, 495, 169, 326, 167, 328, 1037, 818, 655, 666, 330, 166, 1073, 819, 28, 814, 658, 74, 980, 327, 164, 491, 979, 815, 653, 978, 2, 490, 816, 329, 163, 493, 817, 489, 492, 165, 3, 981, 654, 1] es factible true semilla = 4741

costo = 0.6971850792161759 solucion = [816, 981, 817, 978, 2, 163, 165, 490, 3, 654, 329, 1, 815, 979, 653, 493, 164, 327, 492, 489, 491, 980, 74, 658, 1073, 819, 330, 166, 28, 666, 818, 814, 494, 326, 167, 169, 328, 495, 1037, 655] es factible true semilla = 2554

costo = 0.5397497274510443 solucion = [815, 653, 1, 654, 816, 981, 3, 165, 492, 164, 491, 978, 817, 163, 2, 490, 329, 493, 979, 489, 327, 980, 74, 166, 1037, 658, 818, 819, 655, 28, 814, 495, 328, 167, 494, 326, 330, 169, 1073, 666] es factible true semilla = 1070

costo = 7.225617139723546e6 solucion = [655, 666, 28, 169, 1037, 328, 495, 494, 327, 492, 489, 981, 165, 3, 979, 815, 1, 163, 2, 329, 816, 490, 654, 653, 493, 817, 978, 164, 491, 980, 74, 166, 658, 1073, 326, 167, 814, 330, 819, 818] es factible false semilla = 1599

costo = 0.6749028294978532 solucion = [666, 1073, 818, 814, 328, 495, 167, 494, 1037, 655, 330, 326, 169, 28, 658, 819, 166, 74, 980, 491, 979, 3, 490, 165, 654, 2, 816, 981, 817, 489, 327, 492, 978, 164, 493, 653, 163, 1, 815, 329] es factible true semilla = 3564

costo = 0.5535272754633022 solucion = [666, 655, 169, 1073, 326, 494, 495, 1037, 328, 167, 814, 330, 818, 658, 28, 819, 166, 74, 980, 327, 489, 164, 492, 491, 979, 493, 329, 653, 2, 978, 3, 165, 981, 817, 815, 816, 490, 163, 1, 654] es factible true semilla = 1782

costo = 0.6250121770126064 solucion = [1037, 818, 819, 1073, 169, 328, 167, 494, 495, 814, 326, 330, 666, 655, 658, 28, 166, 74, 980, 327, 492, 491, 164, 493, 653, 978, 329, 490, 3, 979, 815, 1, 654, 2, 816, 981, 165, 817, 163, 489] es factible true semilla = 2904

costo = 0.5729308746927534 solucion = [493, 815, 981, 654, 653, 979, 491, 165, 3, 329, 1, 163, 2, 816, 490, 978, 492, 164, 817, 489, 327, 980, 74, 166, 818, 655, 666, 658, 330, 819, 28, 814, 167, 328, 1037, 169, 1073, 326, 494, 495] es factible true semilla = 3310

costo = 7.225617272163072e6 solucion = [165, 979, 815, 817, 981, 816, 163, 490, 654, 1, 653, 978, 492, 491, 980, 74, 166, 28, 666, 658, 819, 655, 1073, 169, 495, 1037, 328, 326, 330, 818, 814, 167, 494, 327, 489, 164, 3, 329, 2, 493] es factible false semilla = 3216

costo = 0.6078006035476471 solucion = [1037, 1073, 326, 167, 495, 494, 814, 328, 169, 28, 818, 166, 655, 819, 330, 666, 658, 74, 980, 491, 492, 817, 165, 3, 329, 2, 978, 653, 490, 816, 815, 493, 1, 654, 981, 163, 489, 979, 164, 327] es factible true semilla = 4734

costo = 0.6900689414363471 solucion = [28, 666, 1073, 658, 818, 814, 494, 167, 326, 169, 328, 495, 1037, 819, 655, 330, 166, 74, 980, 491, 979, 653, 329, 981, 817, 815, 1, 654, 493, 2, 816, 490, 978, 164, 3, 165, 163, 489, 492, 327] es factible true semilla = 1533

costo = 0.5384409879058868 solucion = [2, 816, 654, 493, 163, 1, 815, 329, 978, 817, 3, 490, 653, 979, 165, 981, 489, 164, 327, 492, 491, 980, 74, 166, 819, 658, 818, 666, 655, 1073, 1037, 328, 326, 169, 167, 494, 495, 814, 330, 28] es factible true semilla = 1869

costo = 0.6079896386770389 solucion = [28, 330, 166, 819, 655, 169, 326, 328, 167, 494, 495, 1037, 814, 818, 666, 1073, 658, 74, 980, 327, 164, 492, 981, 816, 490, 815, 329, 653, 979, 165, 163, 1, 493, 2, 978, 491, 489, 817, 3, 654] es factible true semilla = 2319

