costo = 1.1104678478837865e6 solucion = [490, 493, 1, 495, 1037, 330, 28, 166, 74, 980, 491, 978, 329, 816, 815, 817, 489, 327, 814, 658, 164, 492, 981, 165, 3, 163, 653, 2, 654, 979, 494, 167, 326, 328, 169, 655, 818, 666, 1073, 819] es factible false semilla = 1618387893358347344

costo = 215045.73818622544 solucion = [329, 163, 981, 817, 978, 489, 164, 492, 327, 166, 169, 330, 326, 167, 814, 494, 495, 328, 1037, 819, 655, 1073, 666, 818, 28, 658, 74, 980, 491, 165, 3, 979, 493, 653, 1, 815, 654, 816, 490, 2] es factible false semilla = 7634048098175901185

costo = 1.6022235051379607e6 solucion = [654, 978, 164, 74, 658, 166, 327, 489, 163, 1, 167, 328, 326, 169, 814, 494, 979, 165, 817, 666, 655, 819, 818, 28, 330, 1073, 1037, 495, 493, 490, 329, 3, 491, 980, 492, 981, 816, 2, 653, 815] es factible false semilla = 7320332089586677316

costo = 1.1198845847901972e6 solucion = [1037, 169, 1073, 330, 655, 818, 819, 658, 74, 980, 491, 978, 489, 327, 814, 326, 328, 167, 495, 494, 979, 329, 163, 3, 817, 815, 1, 493, 164, 166, 28, 666, 492, 165, 490, 653, 654, 981, 816, 2] es factible false semilla = 2953964221457702546

costo = 1.7504472196905527e6 solucion = [328, 167, 1, 815, 490, 329, 2, 163, 489, 327, 814, 169, 330, 655, 818, 1037, 495, 493, 164, 74, 658, 28, 819, 166, 980, 491, 165, 3, 817, 981, 978, 492, 666, 1073, 326, 494, 979, 653, 654, 816] es factible false semilla = 4970127340785130082

costo = 537479.1169916556 solucion = [819, 28, 330, 818, 655, 1037, 166, 164, 979, 329, 490, 654, 2, 653, 978, 491, 980, 74, 658, 666, 1073, 814, 169, 328, 167, 326, 494, 495, 1, 493, 163, 165, 492, 327, 489, 817, 3, 981, 816, 815] es factible false semilla = 3969460312826603900

costo = 1.700603037284758e6 solucion = [819, 166, 327, 489, 981, 817, 815, 978, 491, 980, 74, 658, 655, 818, 164, 3, 163, 2, 816, 490, 493, 495, 814, 1073, 666, 492, 165, 654, 1, 167, 328, 169, 28, 330, 1037, 326, 494, 979, 653, 329] es factible false semilla = 1657201840336779025

costo = 855936.1952950243 solucion = [3, 165, 490, 2, 978, 491, 980, 327, 489, 163, 981, 979, 164, 494, 814, 495, 1, 654, 816, 329, 815, 653, 493, 817, 492, 666, 655, 1073, 819, 818, 28, 169, 167, 326, 330, 658, 74, 166, 1037, 328] es factible false semilla = 4161111972093910827

costo = 1.0419626939790448e6 solucion = [816, 2, 493, 495, 328, 169, 655, 658, 74, 980, 492, 165, 490, 329, 3, 981, 978, 653, 163, 1, 167, 326, 494, 327, 489, 491, 979, 654, 815, 817, 164, 166, 1073, 819, 818, 1037, 330, 666, 28, 814] es factible false semilla = 8024851810402956262

costo = 485237.7268362093 solucion = [654, 816, 2, 493, 817, 492, 981, 979, 815, 978, 491, 980, 74, 658, 330, 819, 818, 814, 495, 1, 163, 165, 490, 653, 329, 3, 164, 489, 327, 494, 1037, 666, 1073, 326, 167, 328, 169, 655, 28, 166] es factible false semilla = 2479978178945798661

costo = 485237.62525575754 solucion = [163, 981, 489, 817, 815, 653, 978, 164, 980, 74, 658, 666, 330, 655, 819, 818, 1037, 494, 327, 492, 165, 491, 979, 3, 329, 490, 654, 816, 2, 493, 1, 495, 167, 328, 814, 1073, 166, 28, 169, 326] es factible false semilla = 9003736768383732864

costo = 743080.1238204297 solucion = [654, 979, 489, 492, 981, 3, 817, 493, 164, 166, 655, 666, 1073, 819, 28, 814, 167, 169, 328, 326, 1037, 818, 330, 658, 74, 980, 327, 494, 495, 1, 329, 815, 816, 2, 653, 490, 978, 491, 165, 163] es factible false semilla = 7505059615697762995

costo = 485237.57046382845 solucion = [493, 329, 815, 981, 816, 163, 2, 978, 653, 490, 165, 3, 817, 164, 327, 494, 167, 495, 1, 654, 979, 489, 491, 492, 980, 74, 166, 169, 328, 326, 1073, 330, 666, 658, 1037, 814, 655, 819, 818, 28] es factible false semilla = 7513413143336412708

costo = 485237.6263411151 solucion = [330, 28, 658, 818, 666, 1073, 819, 655, 814, 167, 326, 328, 1037, 494, 327, 164, 3, 817, 981, 815, 1, 495, 169, 166, 74, 980, 491, 978, 2, 816, 163, 165, 490, 329, 654, 653, 493, 979, 489, 492] es factible false semilla = 8541788689289506769

costo = 1.1914871174807658e6 solucion = [816, 329, 653, 1, 815, 490, 493, 164, 166, 169, 814, 326, 167, 328, 1037, 658, 74, 327, 489, 163, 3, 491, 980, 1073, 655, 819, 330, 28, 818, 666, 492, 978, 2, 654, 981, 817, 165, 979, 494, 495] es factible false semilla = 6731069698699234371

costo = 1.0636347715571066e6 solucion = [817, 164, 166, 1073, 326, 330, 818, 819, 28, 169, 495, 1, 329, 493, 653, 163, 2, 816, 815, 981, 489, 327, 494, 1037, 655, 666, 492, 978, 654, 165, 490, 3, 979, 491, 980, 74, 658, 814, 328, 167] es factible false semilla = 7468273824669056882

costo = 784120.1422855093 solucion = [817, 3, 978, 164, 980, 74, 658, 1073, 666, 330, 818, 655, 28, 819, 166, 169, 495, 493, 1, 167, 328, 814, 1037, 326, 494, 327, 492, 981, 979, 654, 2, 653, 490, 165, 491, 489, 163, 329, 816, 815] es factible false semilla = 9186390461835541152

costo = 1.0419627039676855e6 solucion = [819, 330, 666, 28, 818, 1073, 326, 328, 495, 493, 654, 165, 491, 978, 492, 980, 74, 658, 655, 814, 1037, 494, 327, 489, 981, 979, 3, 329, 815, 817, 164, 166, 169, 167, 1, 653, 490, 2, 816, 163] es factible false semilla = 7339523468260231422

costo = 463444.15103000245 solucion = [819, 658, 330, 666, 28, 169, 167, 328, 495, 1037, 655, 1073, 818, 814, 326, 494, 327, 489, 491, 980, 74, 166, 164, 492, 165, 981, 979, 654, 815, 816, 329, 3, 163, 1, 493, 817, 978, 490, 2, 653] es factible false semilla = 1588897736987141512

costo = 1.380048488211822e6 solucion = [1073, 666, 655, 169, 495, 493, 2, 978, 492, 981, 163, 489, 327, 166, 818, 164, 817, 815, 816, 329, 490, 653, 1, 167, 326, 328, 814, 1037, 494, 979, 3, 654, 165, 491, 980, 74, 658, 819, 28, 330] es factible false semilla = 5898374891600047348

costo = 1.0722812005327304e6 solucion = [492, 164, 666, 28, 166, 327, 489, 817, 493, 1, 495, 169, 655, 330, 658, 74, 980, 491, 3, 165, 163, 816, 2, 490, 978, 653, 815, 981, 654, 329, 979, 494, 1037, 818, 814, 167, 328, 326, 1073, 819] es factible false semilla = 7846376984027529231

costo = 1.1156788037055281e6 solucion = [3, 490, 163, 165, 979, 981, 654, 816, 2, 329, 815, 817, 492, 666, 330, 326, 814, 28, 818, 819, 658, 74, 164, 493, 653, 1, 495, 167, 169, 328, 1037, 494, 327, 489, 978, 491, 980, 166, 1073, 655] es factible false semilla = 1404170281329772628

costo = 463444.12698045856 solucion = [814, 28, 818, 1073, 666, 658, 74, 980, 492, 817, 163, 2, 816, 981, 979, 493, 1, 654, 3, 329, 653, 978, 164, 166, 1037, 330, 819, 655, 169, 328, 495, 167, 326, 494, 327, 489, 491, 165, 490, 815] es factible false semilla = 7148001901622018360

costo = 1.0419626588155734e6 solucion = [818, 666, 655, 1037, 328, 495, 493, 329, 979, 164, 166, 28, 169, 330, 326, 494, 327, 489, 163, 653, 2, 816, 981, 654, 3, 978, 491, 492, 980, 74, 658, 819, 1073, 814, 167, 1, 815, 817, 165, 490] es factible false semilla = 1684292314359518185

costo = 743080.2044420113 solucion = [816, 2, 654, 979, 653, 978, 489, 327, 494, 167, 328, 326, 330, 819, 28, 818, 1037, 666, 658, 74, 980, 492, 817, 815, 329, 981, 163, 1, 495, 169, 1073, 814, 655, 166, 164, 493, 490, 165, 491, 3] es factible false semilla = 6591127831664631287

costo = 279636.6575441112 solucion = [816, 815, 981, 489, 491, 165, 817, 492, 327, 164, 980, 74, 166, 28, 330, 818, 658, 819, 1073, 655, 666, 1037, 328, 169, 167, 494, 326, 814, 495, 1, 493, 163, 3, 979, 653, 978, 329, 654, 490, 2] es factible false semilla = 3984790684277496301

costo = 205601.5299565157 solucion = [979, 491, 164, 327, 494, 326, 169, 330, 666, 658, 814, 167, 495, 328, 1037, 819, 1073, 655, 28, 818, 166, 74, 980, 492, 817, 978, 489, 981, 165, 163, 1, 815, 653, 493, 329, 816, 2, 654, 490, 3] es factible false semilla = 6097346327430979163

costo = 279636.61221005657 solucion = [28, 818, 1037, 166, 74, 980, 164, 491, 492, 327, 489, 817, 3, 654, 816, 490, 2, 493, 163, 653, 978, 329, 979, 165, 981, 815, 1, 495, 494, 814, 167, 326, 1073, 330, 666, 658, 819, 655, 169, 328] es factible false semilla = 6956791693110333848

costo = 2.172298033585021e6 solucion = [654, 981, 489, 666, 28, 818, 330, 326, 167, 1, 493, 495, 328, 169, 655, 1037, 494, 164, 327, 814, 1073, 980, 491, 978, 817, 74, 658, 819, 166, 492, 165, 979, 3, 490, 815, 653, 163, 816, 329, 2] es factible false semilla = 7052814338544276412

costo = 1.0419626407299337e6 solucion = [818, 330, 166, 164, 492, 817, 981, 489, 327, 494, 495, 493, 653, 1, 167, 814, 328, 326, 169, 1037, 1073, 819, 655, 28, 666, 658, 74, 980, 491, 165, 979, 329, 3, 654, 2, 978, 815, 816, 490, 163] es factible false semilla = 2951641526864332856

costo = 485237.5769996428 solucion = [653, 163, 329, 3, 165, 490, 2, 493, 817, 489, 979, 491, 980, 74, 166, 1073, 666, 1037, 658, 28, 655, 818, 819, 330, 814, 494, 327, 492, 164, 978, 981, 816, 654, 815, 1, 495, 167, 326, 328, 169] es factible false semilla = 5416840847589530501

costo = 2.017607966097673e6 solucion = [653, 2, 978, 164, 980, 491, 165, 490, 493, 495, 328, 167, 1, 329, 163, 489, 327, 166, 74, 492, 981, 816, 815, 817, 658, 330, 814, 326, 494, 979, 654, 3, 666, 818, 1037, 1073, 819, 655, 169, 28] es factible false semilla = 1769476504789182683

costo = 1.041962721923902e6 solucion = [169, 28, 666, 1073, 818, 819, 1037, 495, 493, 329, 653, 978, 654, 3, 979, 491, 980, 74, 658, 814, 328, 167, 1, 815, 817, 163, 165, 492, 164, 166, 655, 330, 326, 494, 327, 489, 981, 816, 490, 2] es factible false semilla = 5954821887016769331

costo = 494681.8392998609 solucion = [653, 815, 654, 3, 164, 492, 980, 74, 658, 330, 666, 1073, 326, 169, 328, 167, 495, 1, 163, 817, 981, 816, 490, 165, 979, 493, 329, 2, 978, 491, 489, 327, 166, 818, 819, 1037, 494, 814, 28, 655] es factible false semilla = 1116112474784721439

costo = 537479.1491777421 solucion = [655, 666, 818, 330, 28, 819, 1073, 1037, 166, 164, 493, 817, 3, 979, 489, 327, 492, 981, 163, 329, 815, 1, 495, 169, 326, 494, 167, 328, 814, 658, 74, 980, 491, 165, 654, 816, 2, 978, 490, 653] es factible false semilla = 4535185611991364072

costo = 1.700603032313295e6 solucion = [490, 815, 816, 329, 981, 165, 3, 163, 489, 327, 166, 818, 164, 817, 978, 2, 653, 493, 495, 169, 28, 658, 74, 980, 491, 492, 666, 330, 326, 1073, 819, 655, 1037, 814, 494, 979, 654, 1, 167, 328] es factible false semilla = 7278619450217404956

costo = 205601.55813601444 solucion = [654, 1, 653, 329, 981, 163, 2, 816, 490, 165, 979, 815, 817, 489, 492, 978, 3, 491, 980, 74, 658, 666, 818, 166, 169, 28, 819, 655, 330, 814, 1037, 1073, 326, 167, 328, 495, 494, 327, 164, 493] es factible false semilla = 45759392323763803

costo = 784120.1302415718 solucion = [164, 327, 494, 326, 330, 655, 819, 1073, 1037, 818, 666, 28, 814, 328, 167, 1, 653, 2, 816, 815, 490, 3, 165, 491, 489, 492, 980, 74, 658, 166, 169, 495, 493, 654, 979, 981, 817, 978, 329, 163] es factible false semilla = 1412931120341556667

costo = 1.0093481863059704e6 solucion = [326, 814, 1073, 169, 167, 328, 495, 1, 815, 490, 163, 3, 978, 491, 980, 327, 489, 981, 816, 2, 329, 979, 494, 1037, 166, 164, 817, 493, 653, 654, 165, 492, 74, 658, 666, 818, 655, 330, 28, 819] es factible false semilla = 848494335663013312

costo = 1.072281117259406e6 solucion = [819, 1073, 814, 328, 326, 330, 655, 818, 666, 164, 489, 981, 492, 327, 166, 1037, 494, 979, 493, 2, 654, 329, 815, 978, 653, 1, 495, 167, 169, 28, 658, 74, 980, 491, 165, 817, 3, 163, 816, 490] es factible false semilla = 7762971174444469615

costo = 784120.1031203729 solucion = [816, 490, 165, 981, 979, 491, 164, 980, 74, 658, 666, 818, 166, 28, 169, 167, 1, 163, 329, 978, 3, 654, 815, 653, 2, 493, 495, 328, 814, 1073, 326, 330, 819, 655, 1037, 494, 327, 492, 489, 817] es factible false semilla = 6309314253009084211

costo = 494681.7883836587 solucion = [328, 167, 326, 330, 819, 166, 327, 164, 978, 817, 492, 981, 165, 3, 491, 980, 74, 658, 28, 666, 655, 1037, 494, 814, 818, 1073, 169, 495, 1, 653, 654, 490, 2, 329, 815, 816, 163, 493, 979, 489] es factible false semilla = 4697582782620595243

costo = 1.4626325605532776e6 solucion = [655, 819, 1037, 814, 1073, 818, 164, 978, 2, 329, 981, 816, 815, 653, 490, 654, 493, 817, 492, 666, 658, 74, 327, 489, 163, 1, 495, 328, 167, 169, 28, 166, 980, 491, 3, 165, 979, 494, 326, 330] es factible false semilla = 6536286159708752169

costo = 1.5484220530106486e6 solucion = [815, 490, 816, 2, 163, 653, 329, 3, 978, 492, 980, 74, 1037, 494, 979, 493, 495, 328, 814, 1073, 326, 169, 167, 1, 654, 981, 489, 327, 166, 330, 666, 28, 819, 655, 818, 658, 164, 817, 165, 491] es factible false semilla = 2415798227885388626

costo = 1.1156787928445106e6 solucion = [815, 981, 816, 654, 1, 495, 814, 818, 819, 658, 74, 164, 817, 493, 329, 653, 978, 490, 2, 163, 3, 165, 492, 666, 28, 166, 980, 491, 979, 489, 327, 494, 326, 167, 328, 1037, 169, 655, 1073, 330] es factible false semilla = 3024098019801205849

costo = 1.750447309859518e6 solucion = [819, 1037, 658, 74, 164, 978, 817, 489, 327, 814, 818, 28, 666, 492, 981, 815, 816, 490, 493, 495, 328, 167, 1, 654, 653, 979, 494, 326, 1073, 655, 330, 169, 166, 980, 491, 3, 329, 2, 163, 165] es factible false semilla = 3156957131155302116

costo = 823433.5080548174 solucion = [328, 814, 28, 819, 658, 74, 980, 491, 165, 3, 164, 166, 818, 666, 1073, 1037, 494, 979, 815, 817, 981, 489, 327, 492, 978, 329, 490, 163, 493, 654, 816, 2, 653, 1, 495, 167, 169, 655, 330, 326] es factible false semilla = 1102603811989676353

costo = 743080.0815598269 solucion = [167, 328, 326, 169, 166, 164, 491, 978, 981, 3, 490, 2, 654, 816, 815, 653, 1, 495, 1037, 658, 74, 980, 492, 165, 817, 493, 163, 329, 979, 489, 327, 494, 814, 818, 655, 666, 28, 330, 819, 1073] es factible false semilla = 487635676578632365

costo = 1.0722811145774783e6 solucion = [329, 493, 653, 163, 2, 816, 490, 978, 489, 327, 166, 818, 1037, 328, 495, 1, 654, 815, 979, 494, 167, 169, 326, 1073, 666, 164, 817, 981, 3, 165, 491, 492, 980, 74, 658, 819, 330, 655, 28, 814] es factible false semilla = 8123207826746971798

costo = 1.983849152629953e6 solucion = [327, 980, 491, 3, 490, 163, 165, 817, 164, 166, 330, 1073, 666, 489, 978, 329, 495, 1037, 326, 494, 979, 653, 2, 816, 815, 493, 328, 814, 818, 658, 74, 492, 981, 654, 1, 167, 169, 655, 819, 28] es factible false semilla = 8980373696327329114

costo = 799329.9749115494 solucion = [330, 28, 819, 818, 666, 655, 658, 74, 980, 492, 491, 489, 981, 3, 165, 817, 493, 1, 653, 978, 2, 654, 490, 816, 163, 329, 815, 979, 494, 326, 1073, 169, 167, 495, 814, 327, 164, 166, 1037, 328] es factible false semilla = 219354591947931569

costo = 463444.0683114774 solucion = [658, 1037, 819, 1073, 666, 330, 655, 818, 28, 814, 169, 326, 328, 495, 167, 494, 327, 492, 489, 978, 3, 491, 980, 74, 166, 164, 493, 654, 816, 981, 979, 165, 490, 2, 653, 1, 815, 329, 163, 817] es factible false semilla = 136902857700795798

costo = 1.37784858229747e6 solucion = [28, 819, 1073, 666, 1037, 814, 327, 489, 492, 980, 74, 658, 655, 818, 166, 164, 3, 817, 981, 165, 491, 978, 654, 490, 816, 329, 2, 163, 493, 495, 494, 979, 653, 815, 1, 167, 169, 328, 326, 330] es factible false semilla = 524907309394733260

costo = 1.7116524760687116e6 solucion = [2, 654, 3, 981, 816, 490, 653, 1, 167, 326, 169, 495, 329, 978, 815, 979, 494, 1037, 328, 493, 163, 489, 327, 166, 819, 330, 655, 666, 164, 817, 165, 492, 491, 980, 74, 658, 28, 818, 1073, 814] es factible false semilla = 8905785970030787637

costo = 1.3995207005756919e6 solucion = [28, 818, 166, 164, 489, 327, 814, 330, 326, 1037, 666, 492, 981, 816, 329, 2, 653, 493, 817, 815, 654, 1, 495, 167, 494, 979, 165, 163, 490, 978, 3, 491, 980, 74, 658, 819, 655, 1073, 169, 328] es factible false semilla = 5306683159911997216

costo = 1.0789659806759725e6 solucion = [2, 816, 654, 1, 495, 167, 494, 979, 815, 817, 3, 981, 165, 492, 980, 74, 658, 666, 655, 819, 28, 818, 1073, 330, 169, 1037, 166, 164, 493, 329, 163, 653, 490, 978, 491, 489, 327, 814, 326, 328] es factible false semilla = 1203427430289843832

costo = 1.3778485673535618e6 solucion = [492, 980, 74, 658, 819, 818, 28, 666, 1073, 169, 655, 330, 166, 164, 491, 978, 3, 981, 165, 817, 493, 495, 1037, 814, 327, 489, 163, 2, 654, 1, 167, 328, 326, 494, 979, 653, 490, 815, 329, 816] es factible false semilla = 6658936070631440851

costo = 1.07228116354526e6 solucion = [329, 653, 163, 816, 490, 2, 654, 493, 164, 666, 28, 818, 1073, 326, 494, 979, 981, 3, 491, 165, 817, 489, 327, 166, 655, 658, 74, 980, 492, 978, 815, 1, 495, 1037, 328, 169, 167, 814, 330, 819] es factible false semilla = 4852981527136903847

costo = 1.049309277436708e6 solucion = [655, 819, 1073, 326, 169, 166, 327, 492, 981, 165, 817, 163, 2, 816, 490, 978, 491, 980, 74, 658, 28, 666, 330, 818, 1037, 328, 495, 493, 164, 494, 814, 167, 1, 329, 653, 815, 654, 3, 979, 489] es factible false semilla = 7031125700921192476

costo = 743080.1075512493 solucion = [819, 1073, 326, 1037, 494, 327, 492, 489, 163, 329, 2, 493, 653, 815, 1, 495, 328, 167, 169, 814, 330, 28, 666, 818, 658, 74, 980, 491, 979, 165, 490, 3, 978, 654, 816, 981, 817, 164, 166, 655] es factible false semilla = 4533864342242273337

costo = 1.3216123815616309e6 solucion = [328, 495, 493, 653, 1, 167, 169, 1073, 1037, 326, 494, 327, 489, 163, 490, 816, 815, 978, 492, 166, 655, 666, 818, 814, 330, 819, 28, 658, 74, 817, 981, 165, 3, 164, 980, 491, 979, 654, 2, 329] es factible false semilla = 4130277288622712234

costo = 743080.1723665796 solucion = [816, 981, 492, 489, 327, 494, 167, 328, 1037, 666, 818, 819, 28, 655, 330, 1073, 166, 164, 817, 163, 165, 979, 653, 978, 329, 815, 490, 3, 491, 980, 74, 658, 814, 326, 169, 495, 1, 493, 2, 654] es factible false semilla = 2914002937659913155

costo = 485237.57661825354 solucion = [167, 328, 1037, 666, 1073, 166, 169, 326, 494, 327, 489, 492, 491, 165, 981, 978, 817, 3, 329, 815, 653, 163, 493, 1, 495, 814, 28, 655, 330, 819, 818, 658, 74, 980, 164, 979, 654, 816, 2, 490] es factible false semilla = 77893745774803890

costo = 494681.7727840668 solucion = [491, 979, 3, 978, 817, 163, 490, 493, 164, 489, 327, 166, 28, 819, 330, 814, 494, 495, 1, 815, 653, 654, 329, 2, 816, 981, 165, 492, 980, 74, 658, 666, 655, 818, 1073, 1037, 326, 169, 167, 328] es factible false semilla = 844268975060404268

costo = 1.71165251039362e6 solucion = [28, 169, 495, 329, 490, 2, 978, 817, 165, 491, 3, 164, 666, 1073, 655, 330, 818, 819, 658, 74, 980, 492, 327, 166, 1037, 328, 493, 653, 815, 979, 494, 326, 814, 167, 1, 163, 489, 981, 816, 654] es factible false semilla = 1810202433362829395

costo = 847238.8960219495 solucion = [654, 2, 816, 490, 493, 653, 329, 1, 495, 494, 326, 167, 169, 328, 814, 1037, 655, 818, 819, 28, 666, 164, 979, 981, 815, 978, 489, 327, 74, 658, 1073, 330, 166, 980, 492, 817, 163, 165, 3, 491] es factible false semilla = 1320397902162540940

costo = 1.7006030083341517e6 solucion = [490, 816, 815, 493, 495, 814, 1073, 819, 818, 164, 817, 981, 654, 2, 329, 1, 167, 328, 326, 494, 979, 653, 978, 492, 666, 655, 28, 169, 330, 166, 327, 489, 163, 165, 3, 491, 980, 74, 658, 1037] es factible false semilla = 8614478068470216802

costo = 836042.744151359 solucion = [2, 163, 816, 490, 978, 654, 653, 329, 493, 817, 164, 74, 658, 28, 814, 1073, 819, 330, 666, 492, 165, 3, 979, 491, 980, 166, 655, 818, 1037, 328, 167, 326, 169, 495, 494, 327, 489, 981, 815, 1] es factible false semilla = 3502344761839201081

costo = 1.50190382742661e6 solucion = [981, 815, 816, 490, 3, 817, 666, 1073, 1037, 655, 819, 28, 658, 74, 492, 165, 654, 493, 164, 818, 814, 494, 327, 489, 978, 653, 163, 1, 495, 328, 169, 167, 326, 330, 166, 980, 491, 979, 329, 2] es factible false semilla = 4894022399450294454

costo = 687837.9418548903 solucion = [1073, 818, 819, 28, 169, 326, 330, 666, 980, 491, 3, 490, 816, 654, 979, 329, 653, 493, 2, 163, 165, 981, 817, 815, 1, 495, 328, 1037, 655, 166, 74, 658, 814, 167, 494, 327, 489, 492, 978, 164] es factible false semilla = 5493287765601559997

costo = 1.0419626969057324e6 solucion = [329, 163, 490, 165, 492, 327, 494, 814, 28, 169, 495, 493, 815, 979, 491, 980, 74, 658, 819, 655, 1073, 818, 1037, 666, 330, 166, 164, 489, 981, 816, 2, 654, 3, 817, 978, 653, 1, 167, 326, 328] es factible false semilla = 791946636814746485

costo = 1.0789661421936613e6 solucion = [653, 978, 2, 654, 816, 490, 815, 817, 493, 329, 981, 3, 491, 980, 74, 658, 166, 164, 489, 979, 494, 326, 330, 1073, 655, 169, 167, 328, 495, 1, 163, 165, 492, 327, 814, 28, 666, 1037, 818, 819] es factible false semilla = 2335260304219393469

costo = 792645.0690296777 solucion = [816, 490, 815, 493, 1, 654, 165, 491, 980, 74, 658, 655, 28, 330, 666, 164, 3, 981, 978, 492, 327, 166, 1073, 818, 819, 1037, 326, 328, 169, 814, 495, 167, 494, 979, 653, 2, 329, 163, 489, 817] es factible false semilla = 7221451761270908451

costo = 1.3711635705325904e6 solucion = [818, 655, 814, 1037, 495, 493, 163, 1, 167, 328, 169, 326, 494, 979, 165, 981, 817, 489, 491, 3, 490, 2, 816, 329, 815, 653, 654, 978, 492, 164, 666, 28, 819, 1073, 330, 166, 327, 980, 74, 658] es factible false semilla = 1692647090579947176

costo = 184386.0478905013 solucion = [329, 490, 816, 981, 489, 491, 164, 978, 815, 979, 493, 653, 1, 654, 2, 163, 817, 3, 165, 492, 327, 980, 494, 495, 328, 169, 655, 166, 74, 658, 330, 818, 28, 666, 1073, 326, 167, 814, 1037, 819] es factible false semilla = 7214134911952063609

costo = 1.7068550860827952e6 solucion = [1073, 819, 1037, 655, 658, 74, 980, 492, 327, 494, 326, 328, 493, 2, 816, 815, 978, 491, 666, 818, 28, 330, 166, 164, 817, 163, 489, 979, 653, 490, 329, 495, 169, 814, 167, 1, 654, 165, 981, 3] es factible false semilla = 3396256744841985644

costo = 784120.1466534069 solucion = [328, 814, 1073, 169, 495, 493, 2, 163, 653, 1, 167, 326, 494, 327, 164, 489, 979, 815, 816, 490, 978, 329, 654, 3, 817, 981, 165, 492, 491, 980, 74, 166, 655, 330, 658, 1037, 666, 28, 818, 819] es factible false semilla = 4385094767781544235

costo = 1.7955151642092776e6 solucion = [28, 814, 494, 327, 489, 979, 815, 654, 1, 167, 326, 328, 169, 1037, 495, 493, 653, 978, 491, 980, 166, 1073, 655, 666, 817, 163, 329, 3, 164, 74, 658, 330, 819, 818, 492, 981, 165, 490, 2, 816] es factible false semilla = 835685512757350569

costo = 396892.1919449569 solucion = [330, 818, 666, 658, 814, 655, 166, 28, 819, 1073, 1037, 328, 169, 326, 167, 494, 495, 1, 653, 979, 489, 817, 165, 490, 3, 163, 981, 978, 491, 492, 980, 74, 327, 164, 493, 2, 654, 815, 816, 329] es factible false semilla = 7352760681872701969

costo = 485237.6336686897 solucion = [2, 163, 816, 815, 329, 979, 493, 653, 490, 978, 164, 3, 817, 489, 981, 492, 327, 494, 814, 326, 1073, 658, 28, 819, 330, 666, 655, 166, 818, 1037, 328, 167, 169, 495, 1, 654, 165, 491, 980, 74] es factible false semilla = 1774019917208421033

costo = 485237.5700575453 solucion = [165, 491, 979, 489, 327, 494, 167, 326, 169, 166, 74, 980, 164, 492, 978, 817, 493, 654, 490, 816, 163, 653, 2, 329, 3, 981, 815, 1, 495, 328, 1037, 819, 28, 666, 818, 658, 1073, 655, 330, 814] es factible false semilla = 5057106107194992609

costo = 463444.1014432565 solucion = [819, 1073, 814, 28, 818, 666, 655, 330, 326, 1037, 495, 169, 328, 167, 494, 327, 489, 978, 981, 492, 491, 980, 74, 658, 166, 164, 979, 653, 1, 815, 493, 329, 3, 817, 163, 165, 490, 654, 816, 2] es factible false semilla = 1999376512581282093

costo = 485237.59340356867 solucion = [819, 1037, 494, 327, 489, 491, 165, 979, 3, 817, 492, 164, 980, 74, 658, 655, 666, 818, 166, 330, 28, 169, 1073, 326, 814, 328, 167, 495, 1, 493, 815, 490, 978, 654, 981, 329, 653, 163, 2, 816] es factible false semilla = 1958359151166128729

costo = 2.16774364843722e6 solucion = [326, 169, 28, 666, 817, 815, 816, 329, 1, 167, 814, 494, 979, 981, 489, 327, 980, 74, 658, 1073, 1037, 328, 495, 493, 653, 163, 2, 490, 978, 491, 655, 166, 164, 3, 654, 165, 492, 818, 330, 819] es factible false semilla = 4700628036838830060

costo = 880038.6858112088 solucion = [2, 816, 981, 492, 666, 330, 819, 1073, 818, 28, 169, 495, 167, 326, 328, 814, 494, 980, 491, 978, 164, 166, 1037, 655, 658, 74, 327, 489, 817, 165, 3, 163, 1, 815, 329, 653, 979, 654, 490, 493] es factible false semilla = 546852011094194131

costo = 834264.1196554758 solucion = [2, 490, 163, 981, 816, 329, 1, 167, 814, 818, 166, 28, 169, 655, 666, 330, 819, 1037, 494, 164, 493, 495, 328, 326, 1073, 658, 74, 980, 327, 489, 492, 817, 3, 978, 653, 815, 654, 979, 491, 165] es factible false semilla = 6966461735402023768

costo = 1.1012321549419027e6 solucion = [1, 329, 979, 494, 495, 328, 326, 167, 169, 814, 1073, 1037, 658, 74, 492, 978, 981, 654, 815, 817, 666, 28, 655, 819, 330, 818, 166, 164, 3, 165, 491, 980, 327, 489, 163, 653, 2, 493, 490, 816] es factible false semilla = 4181236123376055160

costo = 1.0419626212991104e6 solucion = [28, 169, 1037, 326, 330, 1073, 666, 655, 166, 164, 491, 979, 493, 495, 328, 167, 1, 653, 329, 3, 654, 815, 490, 978, 981, 816, 2, 163, 165, 492, 980, 74, 658, 819, 818, 814, 494, 327, 489, 817] es factible false semilla = 8599365292834351517

costo = 823433.4950503949 solucion = [818, 1073, 326, 494, 979, 164, 166, 819, 655, 814, 328, 1037, 169, 167, 495, 1, 653, 815, 490, 329, 816, 163, 981, 654, 2, 493, 817, 489, 327, 492, 978, 3, 165, 491, 980, 74, 658, 28, 330, 666] es factible false semilla = 6643109750273954382

costo = 1.0419626578735344e6 solucion = [1073, 818, 28, 666, 330, 169, 655, 658, 74, 980, 492, 981, 978, 653, 490, 654, 165, 979, 164, 166, 819, 1037, 495, 493, 817, 163, 2, 816, 815, 329, 1, 167, 328, 814, 326, 494, 327, 489, 491, 3] es factible false semilla = 2314068299453791071

costo = 743080.1440584637 solucion = [653, 2, 978, 3, 654, 490, 815, 329, 816, 163, 165, 817, 493, 1, 495, 328, 326, 1073, 819, 1037, 666, 818, 28, 166, 164, 979, 491, 980, 74, 658, 655, 814, 330, 169, 167, 494, 327, 492, 489, 981] es factible false semilla = 1937881605053260121

costo = 818226.5955455223 solucion = [653, 654, 490, 329, 2, 816, 163, 817, 815, 978, 3, 164, 166, 658, 74, 980, 492, 165, 491, 979, 981, 489, 327, 494, 1037, 819, 330, 814, 495, 167, 328, 169, 655, 28, 818, 666, 1073, 326, 493, 1] es factible false semilla = 4765053620977682347

costo = 643939.2736951617 solucion = [167, 326, 1037, 494, 327, 164, 493, 490, 816, 815, 653, 654, 2, 163, 489, 978, 981, 979, 165, 817, 492, 491, 3, 329, 1, 495, 328, 814, 818, 819, 28, 169, 1073, 658, 74, 980, 166, 330, 666, 655] es factible false semilla = 5282478255533141957

costo = 1.926664773852298e6 solucion = [819, 1073, 326, 494, 980, 491, 979, 815, 490, 165, 492, 74, 658, 814, 327, 489, 981, 978, 817, 666, 28, 330, 169, 328, 167, 495, 1, 329, 3, 818, 1037, 655, 166, 164, 493, 163, 653, 654, 2, 816] es factible false semilla = 4688804342576356662

costo = 721296.2939543666 solucion = [653, 978, 164, 494, 495, 1, 815, 979, 329, 493, 163, 2, 816, 490, 654, 3, 165, 491, 980, 327, 489, 981, 817, 492, 74, 658, 814, 818, 819, 28, 166, 1073, 666, 655, 330, 169, 167, 328, 1037, 326] es factible false semilla = 2344967253261449828

costo = 971679.4608793487 solucion = [169, 28, 166, 980, 491, 3, 666, 330, 658, 74, 164, 817, 493, 815, 490, 163, 329, 816, 2, 653, 978, 492, 327, 489, 979, 165, 981, 654, 1, 495, 167, 326, 328, 814, 494, 1037, 1073, 655, 818, 819] es factible false semilla = 130586860985161361

costo = 743080.155726784 solucion = [666, 330, 326, 167, 169, 328, 814, 818, 655, 819, 28, 166, 164, 979, 493, 490, 329, 981, 815, 816, 2, 978, 817, 489, 327, 494, 1037, 495, 1, 163, 653, 654, 165, 3, 491, 492, 980, 74, 658, 1073] es factible false semilla = 1542104569503069956

costo = 2.435070710954167e6 solucion = [1073, 818, 655, 169, 167, 1, 654, 979, 326, 330, 28, 819, 658, 492, 165, 817, 666, 1037, 494, 164, 978, 2, 653, 490, 815, 816, 329, 495, 814, 328, 493, 163, 3, 491, 980, 74, 166, 327, 489, 981] es factible false semilla = 9082878602986806302

costo = 1.3995206491490067e6 solucion = [1073, 169, 167, 328, 495, 1, 815, 816, 2, 490, 3, 491, 980, 74, 658, 28, 819, 818, 666, 492, 817, 164, 166, 1037, 326, 494, 979, 654, 165, 981, 163, 653, 493, 329, 978, 489, 327, 814, 330, 655] es factible false semilla = 7649751842294513412

costo = 1.837789748126554e6 solucion = [167, 494, 979, 3, 817, 666, 1037, 169, 330, 655, 28, 819, 818, 164, 978, 2, 493, 653, 490, 816, 329, 981, 492, 74, 658, 1073, 166, 980, 491, 165, 163, 489, 327, 814, 326, 328, 495, 1, 815, 654] es factible false semilla = 5126881140699807945

costo = 535381.5750625641 solucion = [815, 329, 816, 490, 653, 979, 489, 327, 492, 817, 165, 981, 978, 491, 980, 74, 658, 819, 330, 166, 818, 1037, 495, 1, 493, 654, 2, 163, 3, 164, 494, 326, 167, 328, 814, 1073, 169, 655, 666, 28] es factible false semilla = 6488594981483516762

costo = 494681.7909600374 solucion = [490, 653, 815, 493, 979, 3, 164, 978, 491, 489, 981, 165, 492, 817, 163, 816, 654, 2, 329, 1, 495, 814, 658, 74, 980, 327, 166, 818, 819, 28, 666, 1073, 1037, 326, 330, 655, 169, 328, 167, 494] es factible false semilla = 4638856795835863337

costo = 1.1474275356632865e6 solucion = [2, 653, 815, 816, 654, 981, 817, 492, 327, 166, 1037, 494, 979, 493, 326, 1073, 818, 814, 167, 328, 495, 169, 330, 655, 819, 658, 74, 980, 491, 165, 3, 163, 1, 329, 490, 978, 489, 164, 666, 28] es factible false semilla = 2292345881714174599

costo = 1.1508066980892336e6 solucion = [1073, 819, 166, 327, 489, 981, 165, 490, 2, 653, 163, 493, 979, 491, 980, 494, 326, 167, 814, 328, 495, 1, 815, 817, 492, 666, 1037, 818, 330, 169, 28, 655, 658, 74, 164, 3, 329, 978, 654, 816] es factible false semilla = 2223958088989004803

costo = 1.0789660706135756e6 solucion = [330, 326, 169, 166, 164, 493, 2, 653, 815, 490, 816, 654, 165, 163, 1, 495, 328, 167, 494, 979, 981, 329, 978, 3, 491, 980, 74, 658, 819, 1073, 655, 28, 818, 666, 1037, 814, 327, 489, 817, 492] es factible false semilla = 7687700243508123245

costo = 1.3625173132204846e6 solucion = [489, 327, 494, 495, 493, 817, 492, 666, 330, 819, 1073, 326, 169, 28, 818, 166, 164, 3, 329, 981, 815, 816, 2, 654, 1, 167, 814, 328, 1037, 655, 658, 74, 980, 491, 979, 653, 978, 490, 165, 163] es factible false semilla = 45902224270826155

costo = 1.8377897485660738e6 solucion = [165, 492, 74, 658, 1037, 814, 327, 489, 981, 815, 817, 666, 1073, 330, 819, 655, 166, 980, 491, 978, 329, 979, 494, 167, 326, 169, 328, 495, 1, 163, 653, 493, 2, 654, 816, 490, 3, 164, 818, 28] es factible false semilla = 3533028938558717187

costo = 743080.1699046027 solucion = [653, 815, 981, 817, 164, 166, 819, 655, 330, 666, 818, 814, 328, 326, 167, 494, 327, 489, 163, 493, 1, 495, 1037, 1073, 169, 28, 658, 74, 980, 492, 165, 3, 491, 978, 2, 816, 654, 979, 329, 490] es factible false semilla = 9053988844738592013

costo = 1.3625171790409212e6 solucion = [489, 327, 494, 1037, 166, 164, 817, 3, 165, 491, 980, 74, 658, 1073, 326, 167, 1, 815, 493, 495, 328, 814, 169, 655, 330, 819, 28, 818, 666, 492, 978, 981, 979, 329, 490, 163, 816, 2, 654, 653] es factible false semilla = 8176885857017229315

costo = 537479.1848194908 solucion = [165, 3, 491, 980, 74, 658, 1037, 495, 1, 163, 493, 653, 979, 489, 327, 492, 978, 2, 329, 815, 490, 816, 654, 981, 817, 164, 166, 819, 818, 666, 28, 169, 655, 1073, 330, 814, 167, 494, 326, 328] es factible false semilla = 4262826187144983408

costo = 830304.6081181776 solucion = [330, 666, 28, 819, 655, 1073, 169, 167, 328, 495, 1, 654, 653, 979, 815, 817, 493, 163, 489, 327, 980, 74, 658, 166, 492, 981, 978, 490, 2, 816, 329, 3, 165, 491, 164, 494, 1037, 818, 814, 326] es factible false semilla = 488429441416784233

costo = 743080.0642001217 solucion = [817, 978, 654, 1, 495, 167, 328, 1037, 818, 655, 28, 819, 330, 666, 658, 74, 980, 491, 979, 489, 327, 494, 326, 814, 1073, 169, 166, 164, 492, 981, 165, 3, 163, 816, 329, 815, 490, 653, 2, 493] es factible false semilla = 451730605740157480

costo = 279636.6008546812 solucion = [818, 819, 28, 666, 330, 169, 166, 74, 658, 655, 1073, 814, 326, 494, 1037, 328, 167, 495, 1, 329, 654, 653, 979, 493, 815, 817, 978, 492, 327, 980, 164, 3, 981, 165, 491, 489, 163, 816, 490, 2] es factible false semilla = 438361111640868608

costo = 463444.1336373379 solucion = [490, 3, 654, 816, 981, 163, 329, 1, 815, 493, 2, 653, 979, 491, 978, 489, 327, 494, 167, 328, 326, 814, 818, 330, 655, 819, 658, 74, 980, 492, 165, 817, 164, 166, 28, 666, 1073, 1037, 495, 169] es factible false semilla = 2854920456349003393

costo = 784120.1690694415 solucion = [666, 818, 655, 330, 819, 1037, 494, 327, 489, 164, 817, 3, 979, 981, 492, 978, 329, 815, 653, 1, 167, 326, 1073, 169, 166, 28, 658, 74, 980, 491, 165, 490, 2, 163, 816, 654, 493, 495, 328, 814] es factible false semilla = 1927217088582452670

costo = 1.7998868393622192e6 solucion = [28, 819, 166, 980, 492, 327, 814, 328, 326, 1073, 666, 489, 817, 3, 981, 816, 163, 490, 165, 491, 818, 655, 1037, 495, 1, 653, 654, 978, 329, 815, 979, 494, 167, 169, 330, 658, 74, 164, 493, 2] es factible false semilla = 4550250715679743625

costo = 1.1508066688439036e6 solucion = [328, 814, 495, 1, 654, 493, 163, 329, 2, 816, 981, 165, 3, 491, 980, 494, 167, 326, 330, 819, 818, 28, 169, 1037, 1073, 166, 327, 489, 817, 815, 979, 164, 74, 658, 655, 666, 492, 978, 490, 653] es factible false semilla = 5574298878185245223

costo = 1.438295505950084e6 solucion = [326, 814, 167, 1, 815, 816, 163, 981, 978, 491, 980, 1037, 494, 327, 489, 979, 329, 654, 653, 490, 2, 493, 495, 328, 169, 28, 658, 74, 492, 817, 165, 3, 164, 166, 819, 330, 818, 666, 655, 1073] es factible false semilla = 5944677244163467913

costo = 750426.7590901172 solucion = [491, 980, 74, 658, 814, 169, 495, 1, 493, 164, 494, 167, 328, 326, 1073, 666, 818, 28, 655, 330, 1037, 819, 166, 327, 492, 165, 163, 816, 981, 817, 489, 979, 653, 2, 654, 329, 978, 3, 490, 815] es factible false semilla = 8418256226521438695

costo = 1.2648603085551925e6 solucion = [818, 1037, 494, 167, 328, 169, 655, 28, 814, 495, 1, 163, 2, 329, 981, 979, 815, 816, 654, 493, 326, 330, 666, 492, 165, 491, 980, 166, 1073, 819, 658, 74, 164, 3, 490, 653, 978, 817, 489, 327] es factible false semilla = 1470275234098861429

costo = 1.072281163863491e6 solucion = [28, 819, 330, 655, 1073, 814, 328, 326, 1037, 818, 666, 164, 978, 654, 2, 493, 329, 816, 981, 979, 494, 167, 169, 495, 1, 815, 817, 163, 653, 490, 165, 492, 980, 74, 658, 166, 327, 489, 491, 3] es factible false semilla = 2570083153850579554

costo = 1.471123126011811e6 solucion = [493, 490, 653, 2, 163, 489, 327, 74, 658, 655, 166, 164, 817, 981, 978, 3, 654, 165, 492, 666, 28, 819, 818, 814, 328, 167, 494, 979, 329, 816, 815, 1, 495, 169, 330, 1037, 326, 1073, 980, 491] es factible false semilla = 2272779068188037218

costo = 485237.57150895934 solucion = [819, 28, 818, 658, 666, 655, 1073, 166, 74, 980, 327, 494, 326, 167, 814, 1037, 330, 169, 328, 495, 1, 815, 978, 981, 329, 653, 979, 654, 816, 2, 163, 489, 491, 165, 492, 817, 3, 490, 493, 164] es factible false semilla = 8219394244256671068

costo = 743080.1784374319 solucion = [979, 491, 165, 492, 980, 74, 658, 1037, 655, 169, 326, 328, 814, 1073, 819, 330, 666, 28, 818, 166, 164, 978, 654, 815, 653, 493, 2, 490, 163, 1, 495, 167, 494, 327, 489, 981, 816, 329, 3, 817] es factible false semilla = 115169471216632751

costo = 494681.8137105208 solucion = [326, 167, 494, 1037, 330, 169, 328, 814, 495, 1, 815, 979, 164, 3, 165, 817, 493, 163, 981, 816, 490, 653, 2, 654, 329, 978, 491, 980, 74, 658, 819, 655, 818, 1073, 666, 28, 166, 327, 489, 492] es factible false semilla = 18751705193037005

costo = 463444.07787189534 solucion = [329, 654, 2, 493, 653, 1, 163, 816, 490, 815, 978, 817, 981, 3, 165, 979, 491, 489, 327, 494, 495, 814, 1037, 658, 74, 980, 492, 164, 166, 169, 28, 819, 655, 1073, 818, 666, 330, 326, 167, 328] es factible false semilla = 7414721149104675253

costo = 743080.114724993 solucion = [666, 28, 818, 658, 74, 980, 491, 492, 165, 817, 493, 2, 163, 981, 3, 979, 653, 978, 329, 490, 816, 815, 654, 1, 495, 328, 169, 655, 330, 1073, 819, 166, 164, 489, 327, 494, 167, 814, 1037, 326] es factible false semilla = 258749711996775306

costo = 1.7504473205411145e6 solucion = [816, 815, 981, 329, 654, 1, 167, 328, 495, 493, 817, 163, 489, 327, 814, 655, 169, 1037, 166, 980, 491, 3, 979, 494, 326, 330, 28, 658, 74, 164, 978, 653, 2, 490, 165, 492, 666, 1073, 818, 819] es factible false semilla = 8279816347728105918

costo = 799330.0625719158 solucion = [28, 169, 1073, 166, 164, 817, 3, 979, 494, 326, 167, 495, 328, 1037, 666, 818, 814, 327, 489, 981, 816, 490, 165, 163, 329, 1, 815, 653, 2, 493, 654, 978, 492, 491, 980, 74, 658, 330, 655, 819] es factible false semilla = 6191672054213744194

costo = 743080.1733863347 solucion = [2, 816, 981, 329, 1, 495, 328, 1037, 818, 655, 28, 814, 326, 330, 666, 1073, 169, 167, 494, 327, 489, 817, 815, 490, 3, 165, 654, 979, 491, 980, 74, 658, 819, 166, 164, 492, 978, 653, 163, 493] es factible false semilla = 8282139961686913640

costo = 215045.81157846557 solucion = [491, 165, 817, 815, 1, 654, 653, 978, 981, 492, 980, 74, 658, 666, 330, 818, 655, 819, 28, 814, 495, 328, 326, 1073, 169, 167, 494, 1037, 166, 327, 164, 493, 2, 329, 816, 163, 490, 3, 979, 489] es factible false semilla = 2158310954207603521

costo = 205601.5430781701 solucion = [330, 666, 28, 658, 818, 819, 1073, 814, 328, 1037, 326, 169, 655, 166, 74, 980, 491, 978, 490, 2, 816, 981, 654, 493, 1, 163, 653, 815, 329, 979, 3, 165, 817, 492, 489, 164, 327, 494, 167, 495] es factible false semilla = 5604167665602165683

costo = 1.0791592399472727e6 solucion = [489, 327, 814, 1073, 819, 655, 658, 74, 980, 492, 165, 490, 654, 815, 816, 329, 163, 2, 653, 979, 491, 978, 981, 817, 3, 164, 166, 28, 330, 818, 666, 1037, 495, 1, 493, 494, 326, 167, 328, 169] es factible false semilla = 7692510475406943944

costo = 1.0419627061791089e6 solucion = [655, 1073, 666, 330, 326, 328, 169, 495, 493, 815, 816, 2, 490, 329, 979, 653, 978, 654, 1, 167, 814, 1037, 494, 327, 489, 491, 3, 981, 492, 980, 74, 658, 28, 818, 819, 166, 164, 817, 163, 165] es factible false semilla = 5360144206677385343

costo = 743080.1978699464 solucion = [666, 655, 169, 167, 494, 327, 492, 978, 490, 654, 165, 817, 3, 329, 979, 489, 163, 653, 493, 2, 816, 981, 815, 1, 495, 1037, 819, 28, 166, 164, 491, 980, 74, 658, 814, 328, 326, 330, 818, 1073] es factible false semilla = 3857315991771286422

costo = 743080.1041886256 solucion = [330, 28, 818, 166, 164, 3, 817, 489, 163, 981, 978, 491, 979, 493, 654, 165, 490, 815, 329, 816, 2, 653, 1, 495, 167, 494, 327, 492, 980, 74, 658, 819, 655, 1073, 666, 1037, 169, 328, 814, 326] es factible false semilla = 6420042035951157986

costo = 1.0419626642884145e6 solucion = [817, 165, 3, 490, 2, 816, 163, 981, 654, 978, 489, 327, 494, 1037, 328, 326, 1073, 818, 655, 819, 658, 74, 980, 491, 492, 164, 166, 330, 814, 495, 493, 815, 979, 653, 329, 1, 167, 169, 28, 666] es factible false semilla = 7468201805564308669

costo = 494681.7794848003 solucion = [1073, 1037, 169, 328, 167, 326, 330, 666, 818, 814, 494, 495, 1, 163, 981, 815, 490, 329, 493, 979, 653, 654, 816, 2, 978, 492, 491, 980, 74, 658, 655, 28, 819, 166, 327, 489, 164, 3, 165, 817] es factible false semilla = 3918715273785834643

costo = 1.3625172067757167e6 solucion = [330, 666, 492, 981, 979, 329, 1, 167, 494, 327, 489, 163, 816, 490, 2, 653, 654, 3, 165, 491, 980, 74, 658, 814, 1037, 328, 495, 493, 815, 978, 817, 164, 166, 28, 655, 818, 819, 1073, 169, 326] es factible false semilla = 3919555165450320473

costo = 706013.3278786895 solucion = [816, 815, 1, 329, 493, 164, 166, 818, 819, 1073, 666, 1037, 169, 28, 330, 326, 494, 327, 489, 981, 3, 165, 491, 980, 492, 978, 2, 654, 979, 653, 490, 163, 817, 74, 658, 655, 814, 495, 328, 167] es factible false semilla = 6337010310901772165

costo = 687837.91974356 solucion = [163, 816, 329, 981, 815, 979, 653, 2, 490, 493, 164, 327, 494, 326, 167, 328, 495, 1, 654, 3, 165, 817, 492, 489, 978, 491, 980, 666, 1073, 1037, 818, 330, 819, 658, 74, 166, 28, 169, 814, 655] es factible false semilla = 504203214516810525

costo = 1.4307759088769692e6 solucion = [491, 980, 166, 169, 328, 167, 1, 653, 2, 816, 163, 817, 489, 327, 74, 658, 1037, 330, 819, 28, 655, 814, 495, 493, 654, 815, 490, 329, 979, 3, 164, 494, 326, 1073, 818, 666, 492, 978, 981, 165] es factible false semilla = 5558779411020994925

costo = 743080.0406727205 solucion = [654, 815, 329, 1, 495, 328, 167, 326, 494, 327, 489, 981, 3, 817, 978, 491, 492, 980, 74, 658, 655, 666, 1073, 1037, 814, 28, 818, 819, 330, 169, 166, 164, 979, 165, 163, 2, 816, 490, 653, 493] es factible false semilla = 4059023090509049200

costo = 1.0858372580087068e6 solucion = [816, 981, 817, 492, 166, 28, 814, 327, 489, 978, 2, 493, 815, 490, 3, 164, 494, 326, 328, 1037, 330, 655, 169, 167, 495, 1, 329, 163, 653, 979, 654, 165, 491, 980, 74, 658, 819, 818, 1073, 666] es factible false semilla = 7925002256466153689

costo = 786326.8035002453 solucion = [489, 491, 980, 74, 658, 814, 655, 28, 666, 164, 979, 329, 3, 163, 653, 2, 816, 654, 165, 981, 492, 327, 166, 1073, 818, 819, 330, 169, 167, 494, 326, 328, 1037, 495, 1, 815, 490, 493, 817, 978] es factible false semilla = 6004197159459443106

costo = 743080.1868551533 solucion = [815, 653, 163, 816, 2, 978, 817, 489, 327, 494, 167, 328, 1037, 326, 330, 666, 658, 74, 980, 492, 165, 654, 981, 329, 490, 493, 1, 495, 814, 818, 28, 819, 1073, 655, 169, 166, 164, 3, 491, 979] es factible false semilla = 3119609936910947862

