costo = 0.5993228326393729 solucion = [981, 165, 3, 491, 978, 164, 493, 490, 654, 329, 1, 815, 816, 163, 2, 653, 979, 489, 817, 492, 327, 980, 74, 658, 1037, 328, 326, 1073, 169, 655, 819, 166, 28, 666, 818, 330, 814, 494, 495, 167] es factible true semilla = 5203161853698984927

costo = 0.6072078320098961 solucion = [1073, 814, 818, 666, 655, 330, 1037, 495, 494, 326, 167, 328, 169, 28, 819, 658, 166, 74, 980, 492, 164, 491, 979, 815, 817, 163, 165, 3, 981, 816, 490, 654, 1, 653, 493, 329, 2, 978, 489, 327] es factible true semilla = 3118341979679968346

costo = 0.6206688351639996 solucion = [3, 817, 492, 491, 164, 493, 2, 653, 979, 654, 978, 815, 816, 329, 1, 163, 490, 165, 981, 489, 327, 980, 74, 658, 666, 818, 819, 330, 1073, 326, 494, 814, 167, 495, 1037, 166, 28, 655, 169, 328] es factible true semilla = 6023786579724075797

costo = 0.555377296598027 solucion = [3, 165, 492, 817, 815, 978, 981, 816, 654, 493, 163, 1, 653, 2, 490, 329, 979, 489, 491, 164, 327, 980, 74, 658, 166, 818, 330, 655, 666, 1073, 169, 326, 1037, 328, 495, 167, 494, 814, 28, 819] es factible true semilla = 967705312481078041

costo = 0.6197214528337749 solucion = [654, 816, 163, 1, 815, 981, 329, 2, 653, 493, 979, 491, 165, 490, 978, 3, 817, 164, 489, 327, 492, 980, 74, 658, 655, 819, 28, 666, 1073, 166, 818, 330, 814, 328, 167, 169, 326, 494, 495, 1037] es factible true semilla = 1398882587090712746

costo = 0.5900887865465824 solucion = [326, 167, 494, 1037, 328, 495, 169, 330, 655, 818, 658, 666, 1073, 814, 28, 819, 166, 74, 980, 164, 489, 327, 492, 491, 165, 490, 978, 981, 329, 493, 979, 654, 3, 817, 163, 1, 653, 2, 816, 815] es factible true semilla = 9014243533653653191

costo = 0.6618674869115244 solucion = [1, 654, 329, 3, 165, 491, 979, 653, 2, 490, 816, 815, 981, 489, 163, 493, 817, 164, 978, 492, 327, 980, 74, 658, 814, 494, 167, 495, 1037, 819, 330, 666, 28, 169, 328, 326, 1073, 166, 655, 818] es factible true semilla = 5001292257220781388

0.555377296598027
[3, 165, 492, 817, 815, 978, 981, 816, 654, 493, 163, 1, 653, 2, 490, 329, 979, 489, 491, 164, 327, 980, 74, 658, 166, 818, 330, 655, 666, 1073, 169, 326, 1037, 328, 495, 167, 494, 814, 28, 819]
