Solucion final = [8, 25, 21, 23, 11, 12, 22, 13, 20, 17, 6, 1, 10, 14, 29, 16, 4, 9, 7, 36, 24, 2, 18, 31, 15, 35, 38, 30, 32, 3, 19, 37, 5, 27, 40, 39, 28, 33, 34, 26]
costo final = 3.661859156265396e7
Es factible? true


Solucion final = [39, 34, 16, 26, 27, 40, 33, 28, 4, 9, 5, 37, 13, 20, 19, 17, 7, 3, 38, 25, 30, 31, 18, 15, 21, 36, 8, 6, 32, 35, 2, 24, 1, 23, 10, 22, 29, 14, 12, 11]
costo final = 9.82749592979969e6
Es factible? true


Solucion final = [10, 23, 39, 34, 33, 40, 26, 29, 22, 12, 14, 11, 9, 13, 20, 38, 3, 25, 21, 6, 1, 24, 2, 15, 31, 18, 30, 36, 17, 35, 32, 8, 19, 7, 37, 5, 27, 16, 4, 28]
costo final = 7.557522536619927e6
Es factible? true


Solucion final = [4, 9, 11, 14, 23, 22, 10, 12, 16, 29, 39, 40, 34, 33, 28, 26, 27, 5, 37, 13, 17, 20, 19, 7, 21, 32, 38, 8, 36, 3, 15, 2, 31, 25, 35, 18, 6, 24, 1, 30]
costo final = 0.18257586375306853
Es factible? true


Solucion final = [31, 30, 18, 2, 6, 1, 23, 14, 29, 39, 12, 22, 10, 11, 4, 33, 40, 26, 9, 34, 16, 28, 27, 5, 37, 19, 35, 25, 8, 20, 17, 13, 7, 3, 15, 36, 24, 21, 32, 38]
costo final = 9.827495962252187e6
Es factible? true


Solucion final = [15, 31, 6, 2, 18, 3, 25, 35, 7, 9, 11, 16, 39, 23, 14, 10, 22, 13, 17, 36, 24, 30, 1, 21, 32, 8, 38, 20, 19, 37, 5, 27, 28, 40, 26, 33, 34, 4, 29, 12]
costo final = 1.628720358326963e7
Es factible? true


Solucion final = [25, 1, 6, 24, 21, 2, 18, 8, 32, 38, 31, 15, 35, 30, 36, 3, 19, 20, 37, 5, 27, 29, 22, 13, 17, 7, 9, 4, 33, 28, 40, 34, 26, 16, 11, 39, 23, 10, 12, 14]
costo final = 1.6287203595647395e7
Es factible? true


Solucion final = [21, 25, 31, 30, 32, 17, 13, 20, 38, 6, 1, 23, 22, 10, 14, 12, 11, 29, 4, 28, 40, 16, 26, 39, 34, 33, 9, 27, 5, 37, 19, 7, 3, 35, 24, 15, 36, 8, 18, 2]
costo final = 9.827495963859562e6
Es factible? true


Solucion final = [8, 25, 2, 35, 17, 38, 32, 30, 24, 1, 23, 10, 14, 39, 9, 27, 5, 37, 19, 36, 3, 18, 31, 6, 15, 21, 7, 20, 13, 22, 12, 29, 40, 28, 4, 34, 26, 33, 16, 11]
costo final = 1.70531125336535e7
Es factible? true


Solucion final = [14, 23, 10, 11, 39, 34, 33, 28, 16, 4, 9, 7, 32, 8, 20, 17, 13, 22, 12, 40, 29, 26, 27, 5, 37, 19, 35, 3, 36, 38, 15, 6, 21, 25, 2, 31, 18, 24, 30, 1]
costo final = 1.6287203573893499e7
Es factible? true


Solucion final = [25, 8, 3, 19, 37, 5, 27, 40, 28, 7, 32, 38, 35, 2, 31, 6, 18, 30, 24, 1, 21, 15, 36, 17, 20, 13, 9, 33, 29, 22, 23, 14, 10, 12, 16, 34, 39, 26, 11, 4]
costo final = 1.78070594859495e7
Es factible? true


Solucion final = [35, 38, 30, 31, 6, 24, 15, 21, 2, 18, 8, 32, 20, 19, 37, 13, 17, 7, 3, 36, 25, 1, 23, 22, 12, 10, 29, 14, 11, 39, 26, 33, 34, 4, 27, 5, 9, 16, 40, 28]
costo final = 9.827495962192982e6
Es factible? true


Solucion final = [16, 28, 27, 34, 33, 4, 9, 5, 37, 13, 20, 7, 17, 19, 35, 18, 2, 31, 6, 15, 3, 8, 32, 38, 25, 36, 21, 24, 30, 1, 23, 39, 22, 29, 26, 11, 40, 12, 14, 10]
costo final = 9.827495943676129e6
Es factible? true


Solucion final = [8, 3, 35, 32, 30, 18, 25, 2, 31, 15, 1, 6, 17, 13, 7, 21, 24, 36, 38, 20, 19, 37, 5, 27, 33, 34, 9, 26, 28, 4, 16, 12, 22, 39, 29, 23, 14, 10, 11, 40]
costo final = 0.20765431099989579
Es factible? true


Solucion final = [22, 23, 10, 29, 11, 14, 12, 40, 34, 39, 16, 26, 28, 33, 27, 4, 9, 5, 37, 19, 36, 15, 2, 6, 21, 1, 24, 30, 31, 25, 3, 18, 35, 38, 17, 20, 8, 32, 7, 13]
costo final = 0.18928516159547026
Es factible? true


Solucion final = [10, 23, 22, 13, 17, 35, 7, 9, 11, 14, 12, 16, 29, 4, 28, 26, 33, 40, 39, 34, 27, 5, 37, 19, 20, 38, 30, 18, 8, 32, 6, 31, 25, 1, 24, 36, 21, 2, 15, 3]
costo final = 1.628720359118224e7
Es factible? true


Solucion final = [23, 29, 12, 22, 13, 17, 35, 19, 3, 7, 36, 8, 38, 31, 2, 18, 21, 6, 24, 25, 15, 1, 30, 32, 20, 37, 5, 27, 34, 26, 4, 33, 40, 16, 28, 39, 14, 10, 11, 9]
costo final = 7.225616810478784e6
Es factible? true


Solucion final = [32, 17, 36, 21, 1, 24, 2, 18, 25, 30, 31, 38, 8, 19, 37, 5, 27, 16, 12, 22, 13, 20, 35, 15, 6, 3, 7, 9, 40, 33, 28, 26, 39, 34, 4, 29, 14, 10, 23, 11]
costo final = 1.628720358140492e7
Es factible? true


Solucion final = [18, 6, 2, 21, 7, 3, 36, 17, 13, 22, 12, 14, 39, 23, 10, 11, 9, 40, 29, 16, 26, 33, 28, 4, 34, 27, 5, 37, 19, 8, 32, 20, 35, 24, 30, 31, 38, 25, 1, 15]
costo final = 7.225616804238553e6
Es factible? true


Solucion final = [23, 14, 12, 16, 29, 10, 11, 26, 33, 4, 28, 40, 9, 5, 27, 34, 39, 22, 37, 13, 7, 21, 2, 15, 6, 18, 24, 1, 25, 31, 38, 17, 36, 19, 20, 8, 3, 32, 35, 30]
costo final = 6.480019604545479e6
Es factible? true


Solucion final = [16, 33, 28, 26, 11, 39, 14, 23, 1, 24, 18, 30, 21, 25, 36, 19, 17, 38, 15, 3, 8, 6, 31, 2, 35, 32, 7, 13, 20, 37, 22, 10, 12, 29, 40, 27, 5, 9, 34, 4]
costo final = 1.6307515357690748e7
Es factible? true


Solucion final = [23, 14, 10, 29, 40, 26, 16, 9, 5, 27, 28, 33, 34, 4, 11, 39, 12, 22, 37, 7, 13, 17, 20, 32, 30, 38, 3, 8, 6, 21, 2, 18, 31, 15, 1, 25, 36, 19, 35, 24]
costo final = 6.480019604515959e6
Es factible? true


Solucion final = [23, 29, 10, 14, 11, 12, 22, 13, 7, 21, 2, 31, 15, 6, 18, 24, 1, 30, 35, 19, 17, 36, 3, 38, 25, 8, 32, 20, 37, 5, 27, 33, 28, 39, 26, 4, 34, 40, 16, 9]
costo final = 7.225616792273418e6
Es factible? true


Solucion final = [36, 24, 21, 32, 30, 1, 15, 35, 25, 8, 38, 20, 13, 22, 23, 14, 11, 12, 10, 29, 4, 28, 27, 33, 26, 16, 34, 39, 40, 9, 5, 37, 7, 19, 3, 18, 31, 2, 6, 17]
costo final = 7.225616798853989e6
Es factible? true


Solucion final = [3, 32, 7, 17, 6, 8, 19, 35, 30, 15, 36, 24, 1, 21, 18, 2, 31, 25, 38, 20, 13, 37, 5, 27, 33, 34, 4, 28, 16, 12, 22, 39, 23, 10, 11, 14, 29, 26, 9, 40]
costo final = 0.22286086103363328
Es factible? true


Solucion final = [15, 21, 32, 30, 24, 35, 20, 7, 28, 26, 34, 40, 12, 14, 10, 22, 39, 11, 9, 13, 17, 6, 31, 2, 18, 8, 3, 19, 37, 5, 27, 16, 33, 4, 29, 23, 1, 25, 38, 36]
costo final = 2.763455523273271e7
Es factible? true


Solucion final = [15, 6, 8, 19, 35, 20, 13, 17, 36, 25, 24, 18, 2, 21, 1, 30, 31, 38, 32, 3, 7, 37, 5, 9, 39, 28, 27, 33, 29, 11, 14, 10, 23, 22, 12, 40, 16, 34, 26, 4]
costo final = 0.19788067032812762
Es factible? true


Solucion final = [33, 34, 16, 4, 28, 26, 27, 39, 14, 10, 11, 12, 22, 13, 17, 32, 8, 6, 3, 7, 36, 15, 38, 25, 35, 24, 21, 2, 31, 18, 30, 1, 23, 29, 40, 9, 5, 37, 19, 20]
costo final = 1.705311254811481e7
Es factible? true


Solucion final = [14, 23, 1, 24, 35, 15, 31, 38, 25, 30, 36, 21, 2, 6, 18, 8, 19, 7, 3, 32, 20, 17, 13, 22, 10, 12, 39, 16, 34, 33, 29, 11, 26, 28, 4, 9, 40, 27, 5, 37]
costo final = 1.7053112545577753e7
Es factible? true


Solucion final = [1, 21, 32, 17, 36, 15, 24, 30, 38, 31, 18, 3, 6, 2, 25, 8, 19, 35, 20, 7, 13, 37, 22, 12, 10, 23, 14, 11, 29, 4, 27, 5, 9, 34, 26, 39, 40, 33, 28, 16]
costo final = 6.4800196063447995e6
Es factible? true


Solucion final = [4, 33, 28, 16, 12, 29, 22, 13, 17, 35, 30, 24, 6, 2, 31, 38, 8, 18, 15, 25, 36, 7, 9, 40, 26, 34, 39, 27, 5, 37, 20, 19, 3, 32, 21, 1, 23, 10, 14, 11]
costo final = 2.6114699334743842e7
Es factible? true


Solucion final = [31, 6, 8, 20, 7, 21, 30, 1, 15, 24, 35, 19, 37, 5, 27, 26, 29, 4, 34, 40, 33, 28, 39, 23, 22, 10, 11, 14, 12, 16, 9, 13, 17, 32, 38, 36, 3, 18, 2, 25]
costo final = 7.557522554728212e6
Es factible? true


Solucion final = [19, 7, 17, 38, 8, 18, 24, 21, 30, 31, 15, 36, 25, 2, 35, 32, 3, 6, 1, 23, 11, 29, 16, 9, 26, 40, 33, 28, 39, 14, 10, 12, 22, 13, 20, 37, 5, 27, 34, 4]
costo final = 1.7053112544153232e7
Es factible? true


Solucion final = [22, 12, 10, 14, 23, 1, 6, 38, 35, 2, 21, 25, 31, 30, 36, 24, 15, 18, 3, 8, 20, 19, 17, 32, 7, 13, 37, 5, 9, 39, 26, 27, 16, 11, 40, 29, 4, 34, 33, 28]
costo final = 9.82749593815411e6
Es factible? true


Solucion final = [21, 6, 31, 18, 8, 36, 15, 2, 25, 38, 17, 13, 22, 29, 14, 39, 23, 10, 11, 12, 40, 33, 4, 26, 28, 16, 9, 7, 32, 30, 1, 24, 35, 3, 19, 20, 37, 5, 27, 34]
costo final = 1.6287203592697648e7
Es factible? true


Solucion final = [21, 30, 38, 8, 3, 6, 31, 2, 24, 18, 25, 35, 32, 17, 19, 37, 5, 9, 39, 22, 13, 20, 7, 36, 15, 1, 23, 29, 14, 12, 10, 11, 40, 16, 4, 28, 27, 26, 34, 33]
costo final = 1.7053112516785692e7
Es factible? true


Solucion final = [30, 31, 2, 6, 38, 32, 17, 13, 22, 29, 16, 27, 28, 33, 40, 9, 5, 37, 20, 35, 18, 8, 25, 36, 24, 1, 10, 12, 14, 39, 34, 26, 4, 11, 23, 21, 15, 3, 7, 19]
costo final = 2.755700477080281e7
Es factible? true


Solucion final = [14, 11, 39, 29, 40, 16, 34, 4, 9, 33, 28, 26, 27, 5, 37, 19, 20, 8, 25, 3, 35, 38, 36, 30, 18, 2, 31, 15, 6, 32, 17, 13, 22, 12, 10, 23, 1, 24, 21, 7]
costo final = 1.705311252519209e7
Es factible? true


Solucion final = [38, 32, 20, 37, 5, 27, 4, 28, 26, 34, 40, 11, 12, 10, 14, 23, 1, 15, 3, 18, 25, 31, 2, 24, 21, 30, 35, 19, 7, 9, 33, 39, 16, 29, 22, 13, 17, 6, 8, 36]
costo final = 2.6114699334541727e7
Es factible? true


Solucion final = [32, 30, 36, 25, 8, 18, 3, 35, 2, 15, 24, 21, 7, 13, 22, 39, 33, 9, 5, 37, 19, 17, 20, 38, 31, 6, 1, 23, 14, 29, 12, 10, 11, 26, 34, 16, 4, 28, 40, 27]
costo final = 1.7053112571644552e7
Es factible? true


Solucion final = [17, 13, 7, 20, 35, 30, 25, 21, 18, 31, 2, 15, 1, 24, 36, 3, 32, 6, 38, 8, 19, 37, 5, 9, 16, 34, 27, 28, 26, 33, 40, 12, 29, 4, 11, 39, 22, 10, 14, 23]
costo final = 0.202069353588831
Es factible? true


Solucion final = [36, 24, 6, 21, 7, 13, 9, 4, 27, 5, 37, 20, 17, 19, 8, 32, 35, 3, 38, 25, 2, 18, 15, 31, 30, 1, 23, 22, 10, 12, 29, 26, 34, 33, 40, 28, 16, 11, 14, 39]
costo final = 1.7385018273748104e7
Es factible? true


Solucion final = [10, 14, 11, 29, 39, 26, 28, 40, 27, 33, 4, 16, 34, 9, 5, 37, 19, 7, 32, 8, 20, 13, 17, 36, 38, 30, 31, 15, 18, 35, 25, 3, 6, 21, 2, 24, 1, 23, 22, 12]
costo final = 9.827495959425934e6
Es factible? true


Solucion final = [40, 12, 29, 23, 14, 11, 10, 22, 39, 33, 9, 4, 26, 28, 16, 34, 27, 5, 37, 7, 13, 17, 35, 19, 8, 20, 38, 32, 30, 31, 15, 24, 2, 6, 1, 21, 25, 18, 3, 36]
costo final = 0.23143297750772307
Es factible? true


Solucion final = [32, 7, 19, 37, 5, 27, 28, 4, 16, 26, 39, 22, 13, 20, 8, 18, 35, 3, 15, 6, 2, 31, 38, 17, 36, 30, 24, 25, 21, 1, 23, 14, 11, 10, 12, 29, 40, 9, 33, 34]
costo final = 1.705311254944414e7
Es factible? true


Solucion final = [4, 16, 34, 26, 33, 40, 28, 39, 12, 11, 14, 10, 22, 23, 29, 27, 9, 5, 37, 13, 7, 35, 25, 30, 24, 1, 21, 2, 18, 8, 6, 31, 38, 3, 15, 36, 19, 20, 32, 17]
costo final = 0.2010013535235711
Es factible? true


Solucion final = [38, 31, 6, 3, 18, 8, 32, 7, 13, 9, 4, 27, 5, 37, 19, 20, 17, 36, 15, 30, 25, 35, 2, 21, 24, 1, 23, 14, 29, 39, 22, 10, 12, 11, 40, 33, 16, 28, 26, 34]
costo final = 1.7385018284776513e7
Es factible? true


Solucion final = [4, 28, 33, 40, 11, 16, 12, 39, 22, 10, 14, 23, 29, 26, 9, 13, 20, 38, 31, 18, 30, 35, 3, 7, 32, 21, 1, 25, 2, 15, 24, 36, 17, 6, 8, 19, 37, 5, 27, 34]
costo final = 7.557522558192245e6
Es factible? true


Solucion final = [33, 28, 26, 16, 40, 11, 39, 14, 12, 10, 23, 1, 15, 24, 36, 25, 31, 18, 21, 2, 6, 17, 13, 22, 29, 27, 5, 37, 20, 8, 32, 30, 38, 35, 19, 3, 7, 9, 4, 34]
costo final = 2.6114699342814565e7
Es factible? true


Solucion final = [2, 6, 8, 25, 24, 21, 1, 15, 36, 19, 3, 38, 31, 30, 18, 35, 17, 32, 20, 13, 7, 37, 5, 9, 39, 14, 23, 11, 16, 12, 40, 34, 26, 4, 28, 27, 33, 29, 22, 10]
costo final = 0.20256606192329507
Es factible? true


Solucion final = [14, 29, 10, 12, 16, 27, 28, 40, 11, 26, 33, 4, 34, 9, 39, 23, 22, 13, 17, 19, 3, 25, 8, 38, 20, 32, 6, 21, 1, 30, 31, 15, 2, 35, 18, 24, 36, 7, 37, 5]
costo final = 7.2256168108773e6
Es factible? true


Solucion final = [35, 17, 38, 8, 6, 18, 15, 24, 36, 19, 3, 7, 37, 5, 27, 4, 33, 26, 40, 12, 22, 10, 14, 11, 29, 16, 28, 39, 23, 1, 25, 21, 2, 31, 30, 32, 20, 13, 9, 34]
costo final = 1.7385018301807273e7
Es factible? true


Solucion final = [12, 40, 34, 16, 28, 39, 22, 13, 20, 37, 5, 27, 33, 4, 29, 23, 21, 24, 2, 18, 3, 19, 8, 25, 35, 30, 32, 7, 9, 26, 11, 14, 10, 1, 15, 31, 38, 6, 17, 36]
costo final = 3.661859158915758e7
Es factible? true


Solucion final = [36, 15, 30, 31, 6, 1, 21, 2, 18, 24, 35, 7, 9, 39, 27, 5, 37, 19, 3, 8, 25, 38, 17, 32, 20, 13, 22, 10, 14, 12, 29, 23, 11, 4, 28, 26, 33, 34, 40, 16]
costo final = 1.628720358256692e7
Es factible? true


Solucion final = [14, 10, 12, 39, 33, 40, 16, 26, 28, 4, 29, 11, 23, 22, 13, 17, 20, 35, 30, 15, 31, 38, 36, 8, 19, 37, 5, 27, 34, 9, 7, 32, 6, 3, 25, 2, 21, 1, 24, 18]
costo final = 1.6287203605518093e7
Es factible? true


Solucion final = [28, 4, 33, 26, 9, 13, 20, 8, 32, 6, 2, 25, 35, 7, 3, 36, 38, 17, 19, 37, 5, 27, 40, 12, 22, 29, 10, 11, 16, 34, 39, 14, 23, 1, 21, 24, 30, 31, 18, 15]
costo final = 1.7385018303357232e7
Es factible? true


Solucion final = [5, 37, 13, 7, 36, 24, 18, 25, 8, 3, 32, 35, 20, 19, 17, 6, 38, 15, 30, 31, 2, 21, 1, 23, 29, 14, 10, 22, 12, 39, 26, 28, 16, 27, 4, 11, 9, 40, 33, 34]
costo final = 9.827495941823013e6
Es factible? true


Solucion final = [3, 15, 25, 1, 24, 35, 2, 31, 18, 6, 8, 19, 36, 38, 20, 37, 5, 27, 28, 4, 29, 10, 22, 13, 17, 32, 30, 21, 7, 9, 16, 34, 40, 11, 12, 14, 23, 39, 33, 26]
costo final = 1.6287203609281257e7
Es factible? true


Solucion final = [2, 21, 1, 30, 35, 15, 24, 25, 8, 19, 37, 5, 27, 34, 33, 16, 4, 28, 26, 39, 9, 7, 36, 3, 6, 18, 31, 38, 32, 17, 20, 13, 22, 10, 14, 29, 23, 11, 40, 12]
costo final = 1.6287203595620101e7
Es factible? true


Solucion final = [19, 7, 9, 26, 33, 28, 39, 29, 10, 11, 4, 34, 40, 16, 27, 5, 37, 20, 35, 3, 32, 21, 24, 2, 25, 31, 6, 1, 15, 18, 8, 38, 30, 36, 17, 13, 22, 12, 14, 23]
costo final = 1.628720357923558e7
Es factible? true


Solucion final = [1, 25, 3, 32, 8, 38, 6, 24, 21, 30, 36, 15, 31, 18, 2, 35, 7, 17, 13, 20, 19, 37, 5, 27, 34, 40, 39, 9, 33, 28, 4, 26, 11, 16, 12, 29, 10, 22, 23, 14]
costo final = 0.2108589492260475
Es factible? true


Solucion final = [25, 30, 24, 2, 21, 36, 15, 31, 38, 8, 20, 32, 6, 1, 23, 14, 11, 10, 12, 39, 26, 9, 40, 33, 34, 16, 4, 29, 22, 13, 17, 19, 3, 18, 35, 7, 37, 5, 27, 28]
costo final = 1.7053112547575217e7
Es factible? true


Solucion final = [35, 24, 6, 21, 18, 15, 2, 31, 30, 1, 25, 36, 3, 19, 7, 13, 22, 23, 11, 10, 12, 14, 39, 28, 4, 29, 33, 40, 26, 9, 34, 16, 27, 5, 37, 20, 17, 38, 32, 8]
costo final = 7.225616815723975e6
Es factible? true


Solucion final = [2, 24, 1, 23, 14, 39, 27, 29, 22, 12, 10, 11, 26, 16, 28, 40, 34, 4, 33, 9, 5, 37, 13, 20, 7, 35, 17, 32, 21, 30, 18, 31, 15, 3, 19, 8, 6, 38, 36, 25]
costo final = 9.827495973861478e6
Es factible? true


Solucion final = [36, 30, 1, 23, 14, 10, 22, 13, 17, 32, 7, 35, 2, 15, 31, 38, 20, 8, 18, 21, 6, 24, 25, 3, 19, 37, 5, 27, 28, 39, 34, 16, 26, 33, 40, 9, 11, 12, 29, 4]
costo final = 1.705311255775769e7
Es factible? true


Solucion final = [11, 4, 33, 28, 39, 23, 10, 14, 29, 12, 22, 13, 20, 8, 18, 6, 31, 2, 25, 21, 1, 30, 32, 17, 19, 37, 5, 27, 26, 16, 40, 34, 9, 7, 3, 35, 38, 15, 24, 36]
costo final = 1.628720358904507e7
Es factible? true


Solucion final = [35, 3, 36, 25, 18, 21, 30, 15, 1, 24, 2, 31, 6, 8, 32, 38, 17, 7, 19, 20, 13, 37, 5, 27, 4, 28, 33, 34, 26, 9, 11, 16, 40, 29, 10, 14, 39, 23, 22, 12]
costo final = 0.19015337074755242
Es factible? true


Solucion final = [8, 19, 7, 20, 35, 38, 17, 13, 37, 5, 9, 4, 27, 26, 34, 33, 16, 28, 40, 39, 11, 10, 22, 12, 14, 29, 23, 1, 21, 36, 25, 18, 31, 30, 32, 6, 3, 15, 2, 24]
costo final = 9.827495949345121e6
Es factible? true


Solucion final = [17, 32, 6, 1, 23, 22, 10, 29, 40, 26, 33, 27, 5, 37, 19, 20, 8, 25, 35, 15, 18, 2, 21, 24, 30, 31, 38, 36, 3, 7, 13, 9, 16, 28, 4, 34, 39, 11, 14, 12]
costo final = 1.7385018287825495e7
Es factible? true


Solucion final = [31, 38, 35, 32, 20, 13, 17, 36, 8, 18, 30, 24, 15, 1, 25, 2, 6, 21, 7, 3, 19, 37, 5, 9, 26, 33, 34, 27, 4, 28, 40, 12, 39, 29, 16, 11, 14, 10, 22, 23]
costo final = 0.20277568525977163
Es factible? true


Solucion final = [33, 28, 16, 4, 11, 10, 14, 12, 22, 13, 17, 36, 38, 31, 15, 18, 25, 24, 1, 23, 39, 29, 40, 26, 34, 9, 27, 5, 37, 20, 8, 19, 3, 7, 35, 30, 32, 6, 21, 2]
costo final = 1.7053112566773325e7
Es factible? true


Solucion final = [35, 38, 25, 18, 21, 32, 7, 19, 37, 5, 27, 34, 9, 39, 14, 12, 11, 26, 16, 40, 28, 4, 33, 29, 23, 10, 22, 13, 17, 20, 8, 6, 3, 36, 30, 24, 1, 15, 31, 2]
costo final = 7.225616806365298e6
Es factible? true


Solucion final = [34, 39, 26, 33, 28, 16, 40, 29, 14, 10, 23, 11, 12, 22, 13, 17, 36, 15, 3, 38, 31, 6, 2, 21, 1, 30, 24, 18, 35, 25, 8, 19, 37, 5, 27, 4, 9, 7, 20, 32]
costo final = 1.6287203587358866e7
Es factible? true


Solucion final = [11, 4, 9, 40, 16, 34, 33, 26, 28, 39, 12, 29, 27, 5, 37, 7, 36, 19, 8, 38, 20, 13, 22, 10, 14, 23, 1, 6, 24, 35, 25, 3, 15, 31, 2, 21, 18, 30, 32, 17]
costo final = 1.7053112553646345e7
Es factible? true


Solucion final = [27, 5, 37, 13, 17, 19, 3, 7, 36, 24, 30, 15, 35, 18, 31, 38, 25, 8, 20, 32, 6, 2, 21, 1, 23, 22, 10, 29, 11, 14, 12, 16, 33, 28, 39, 9, 4, 34, 26, 40]
costo final = 9.827495969922574e6
Es factible? true


Solucion final = [8, 6, 18, 31, 2, 35, 15, 30, 32, 20, 38, 3, 19, 37, 5, 27, 28, 26, 34, 33, 40, 39, 14, 23, 11, 12, 10, 22, 29, 16, 4, 9, 13, 7, 17, 36, 25, 21, 24, 1]
costo final = 7.557522541187135e6
Es factible? true


Solucion final = [15, 2, 31, 38, 35, 7, 21, 18, 8, 25, 30, 24, 1, 6, 17, 32, 3, 36, 19, 20, 13, 37, 5, 27, 34, 16, 40, 12, 29, 22, 23, 14, 10, 11, 39, 28, 4, 33, 9, 26]
costo final = 0.20799149608584167
Es factible? true


Solucion final = [30, 31, 6, 2, 15, 3, 18, 25, 24, 36, 8, 38, 32, 21, 1, 23, 22, 10, 14, 39, 33, 26, 27, 5, 37, 20, 19, 35, 7, 17, 13, 9, 4, 34, 40, 28, 16, 11, 12, 29]
costo final = 1.7385018278494388e7
Es factible? true


Solucion final = [34, 33, 26, 9, 7, 3, 38, 30, 31, 6, 1, 23, 10, 14, 29, 4, 28, 40, 12, 22, 13, 20, 32, 35, 2, 18, 8, 25, 15, 24, 21, 36, 17, 19, 37, 5, 27, 39, 11, 16]
costo final = 2.611469933423298e7
Es factible? true


Solucion final = [40, 28, 4, 26, 29, 22, 12, 10, 14, 23, 39, 34, 27, 33, 16, 11, 9, 5, 37, 13, 17, 20, 38, 31, 15, 1, 21, 6, 24, 25, 30, 32, 35, 2, 18, 8, 3, 36, 7, 19]
costo final = 0.21257867556173637
Es factible? true


Solucion final = [36, 25, 31, 38, 3, 18, 30, 21, 7, 9, 26, 34, 33, 39, 29, 14, 11, 12, 16, 40, 28, 4, 27, 5, 37, 19, 17, 35, 24, 1, 23, 10, 22, 13, 20, 32, 8, 6, 15, 2]
costo final = 2.611469932327271e7
Es factible? true


Solucion final = [26, 34, 9, 5, 37, 20, 8, 36, 19, 3, 32, 38, 35, 2, 31, 18, 24, 1, 25, 30, 15, 21, 6, 17, 7, 13, 22, 12, 10, 11, 14, 39, 23, 29, 4, 27, 16, 28, 33, 40]
costo final = 7.225616804900868e6
Es factible? true


Solucion final = [8, 36, 38, 31, 30, 21, 18, 35, 19, 20, 7, 17, 32, 3, 15, 6, 24, 2, 25, 1, 23, 10, 11, 4, 28, 40, 33, 29, 14, 12, 16, 26, 34, 27, 5, 9, 39, 22, 37, 13]
costo final = 1.6307515359927345e7
Es factible? true


Solucion final = [7, 17, 35, 19, 37, 13, 20, 8, 18, 31, 2, 25, 24, 36, 30, 38, 15, 3, 6, 32, 21, 1, 23, 14, 39, 34, 4, 26, 33, 27, 5, 9, 16, 28, 40, 11, 12, 22, 29, 10]
costo final = 9.827495971750975e6
Es factible? true


Solucion final = [29, 23, 39, 33, 16, 26, 28, 27, 5, 37, 19, 3, 38, 35, 32, 20, 8, 6, 31, 18, 24, 15, 2, 21, 30, 1, 25, 36, 7, 17, 13, 22, 10, 12, 14, 11, 9, 4, 34, 40]
costo final = 7.22561680331978e6
Es factible? true


Solucion final = [34, 16, 27, 5, 37, 19, 8, 6, 24, 2, 21, 18, 35, 3, 32, 7, 9, 4, 28, 33, 40, 12, 10, 22, 13, 17, 20, 38, 36, 30, 31, 15, 25, 1, 23, 39, 14, 29, 26, 11]
costo final = 2.6114699362775646e7
Es factible? true


Solucion final = [29, 26, 39, 27, 5, 37, 20, 38, 17, 13, 7, 36, 8, 19, 3, 32, 35, 2, 31, 6, 21, 25, 18, 24, 30, 15, 1, 23, 22, 10, 14, 12, 40, 11, 9, 34, 33, 28, 4, 16]
costo final = 9.827495957986908e6
Es factible? true


Solucion final = [23, 10, 22, 12, 14, 11, 4, 26, 16, 28, 33, 29, 39, 9, 34, 40, 27, 5, 37, 13, 20, 8, 19, 7, 3, 38, 25, 24, 6, 21, 1, 15, 31, 18, 2, 35, 30, 32, 17, 36]
costo final = 0.20379076411647956
Es factible? true


Solucion final = [28, 16, 34, 33, 4, 27, 26, 29, 11, 39, 40, 9, 5, 37, 13, 17, 20, 19, 3, 7, 32, 30, 38, 8, 18, 6, 21, 2, 31, 15, 35, 25, 36, 24, 1, 23, 10, 14, 12, 22]
costo final = 9.827495951047871e6
Es factible? true


Solucion final = [28, 4, 27, 34, 16, 11, 40, 33, 39, 29, 22, 12, 10, 14, 23, 1, 30, 15, 31, 6, 2, 24, 35, 18, 21, 36, 25, 38, 3, 32, 7, 17, 19, 8, 20, 13, 37, 5, 9, 26]
costo final = 9.82749594109006e6
Es factible? true


Solucion final = [5, 27, 34, 4, 29, 40, 28, 26, 33, 16, 11, 14, 10, 12, 22, 13, 7, 3, 36, 17, 38, 15, 6, 2, 24, 35, 20, 19, 37, 9, 39, 23, 1, 21, 32, 30, 31, 18, 8, 25]
costo final = 2.263050635699785e7
Es factible? true


Solucion final = [3, 25, 24, 6, 15, 1, 23, 14, 10, 11, 12, 22, 39, 28, 4, 29, 16, 27, 33, 26, 34, 40, 9, 5, 37, 20, 19, 35, 38, 32, 17, 13, 7, 21, 2, 31, 30, 36, 8, 18]
costo final = 9.82749594591251e6
Es factible? true


Solucion final = [24, 1, 15, 2, 21, 30, 35, 25, 31, 18, 3, 32, 6, 8, 36, 7, 9, 39, 12, 10, 11, 14, 23, 22, 13, 20, 38, 17, 19, 37, 5, 27, 16, 40, 29, 33, 28, 26, 34, 4]
costo final = 1.6287203587518515e7
Es factible? true


Solucion final = [7, 32, 3, 6, 8, 25, 38, 31, 30, 21, 2, 15, 1, 24, 36, 19, 37, 5, 27, 28, 4, 34, 26, 40, 11, 14, 23, 10, 29, 16, 9, 33, 39, 12, 22, 13, 20, 17, 35, 18]
costo final = 7.22561680199422e6
Es factible? true


Solucion final = [5, 37, 19, 36, 7, 21, 30, 31, 18, 3, 8, 32, 17, 35, 15, 1, 25, 2, 24, 6, 38, 20, 13, 22, 23, 14, 29, 39, 27, 9, 40, 12, 10, 11, 16, 34, 4, 26, 33, 28]
costo final = 7.225616781340802e6
Es factible? true


Solucion final = [14, 10, 29, 22, 12, 40, 16, 4, 27, 28, 33, 26, 11, 23, 39, 34, 9, 5, 37, 13, 17, 20, 7, 3, 19, 35, 32, 38, 36, 8, 6, 21, 30, 1, 24, 18, 15, 25, 31, 2]
costo final = 0.20340598275727043
Es factible? true


Solucion final = [16, 26, 11, 29, 33, 28, 27, 5, 37, 19, 20, 8, 25, 35, 32, 7, 9, 4, 34, 40, 39, 23, 10, 14, 12, 22, 13, 17, 6, 31, 30, 36, 38, 3, 15, 24, 2, 18, 21, 1]
costo final = 1.6287203587069e7
Es factible? true


Solucion final = [30, 15, 1, 24, 35, 2, 18, 31, 6, 32, 21, 36, 17, 20, 13, 22, 39, 34, 4, 27, 5, 37, 19, 8, 38, 25, 3, 7, 9, 11, 23, 10, 14, 12, 16, 29, 33, 26, 40, 28]
costo final = 1.6287203591314768e7
Es factible? true


Solucion final = [31, 2, 24, 25, 3, 36, 38, 35, 20, 7, 13, 37, 5, 27, 4, 9, 34, 26, 33, 40, 28, 16, 11, 39, 22, 12, 14, 29, 10, 23, 1, 30, 32, 8, 19, 17, 6, 18, 21, 15]
costo final = 9.8274959377822e6
Es factible? true


Solucion final = [14, 29, 11, 10, 12, 40, 26, 4, 9, 7, 3, 6, 18, 31, 15, 2, 21, 32, 8, 19, 37, 5, 27, 34, 33, 16, 28, 39, 23, 22, 13, 17, 20, 38, 35, 25, 1, 30, 24, 36]
costo final = 1.6287203605961319e7
Es factible? true


